647.74,
647.73,
647.73,
647.72,
647.71,
647.7,
647.69,
647.68,
647.67,
647.66,
647.65,
647.64,
647.63,
647.62,
647.62,
647.61,
647.6,
647.59,
647.58,
647.57,
647.56,
647.55,
647.54,
647.53,
647.52,
647.51,
647.5,
647.49,
647.48,
647.47,
647.46,
647.45,
647.44,
647.43,
647.42,
647.41,
647.4,
647.39,
647.38,
647.37,
647.36,
647.35,
647.34,
647.33,
647.32,
647.31,
647.3,
647.29,
647.28,
647.27,
647.26,
647.25,
647.24,
647.23,
647.22,
647.21,
647.2,
647.19,
647.18,
647.17,
647.16,
647.15,
647.14,
647.13,
647.12,
647.11,
647.09,
647.08,
647.07,
647.06,
647.05,
647.04,
647.03,
647.02,
647.01,
647.0,
646.99,
646.98,
646.96,
646.95,
646.94,
646.93,
646.92,
646.91,
646.9,
646.89,
646.88,
646.86,
646.85,
646.84,
646.83,
646.82,
646.81,
646.8,
646.79,
646.77,
646.76,
646.75,
646.74,
646.73,
646.72,
646.71,
646.69,
646.68,
646.67,
646.66,
646.65,
646.64,
646.62,
646.61,
646.6,
646.59,
646.58,
646.57,
646.55,
646.54,
646.53,
646.52,
646.51,
646.49,
646.48,
646.47,
646.46,
646.45,
646.43,
646.42,
646.41,
646.4,
646.39,
646.37,
646.36,
646.35,
646.34,
646.32,
646.31,
646.3,
646.29,
646.28,
646.26,
646.25,
646.24,
646.23,
646.21,
646.2,
646.19,
646.18,
646.16,
646.15,
646.14,
646.13,
646.11,
646.1,
646.09,
646.07,
646.06,
646.05,
646.04,
646.02,
646.01,
646.0,
645.99,
645.97,
645.96,
645.95,
645.93,
645.92,
645.91,
645.89,
645.88,
645.87,
645.86,
645.84,
645.83,
645.82,
645.8,
645.79,
645.78,
645.76,
645.75,
645.74,
645.72,
645.71,
645.7,
645.68,
645.67,
645.66,
645.64,
645.63,
645.62,
645.6,
645.59,
645.58,
645.56,
645.55,
645.54,
645.52,
645.51,
645.5,
645.48,
645.47,
645.45,
645.44,
645.43,
645.41,
645.4,
645.39,
645.37,
645.36,
645.34,
645.33,
645.32,
645.3,
645.29,
645.27,
645.26,
645.25,
645.23,
645.22,
645.21,
645.19,
645.18,
645.16,
645.15,
645.13,
645.12,
645.11,
645.09,
645.08,
645.06,
645.05,
645.04,
645.02,
645.01,
644.99,
644.98,
644.96,
644.95,
644.94,
644.92,
644.91,
644.89,
644.88,
644.86,
644.85,
644.84,
644.82,
644.81,
644.79,
644.78,
644.76,
644.75,
644.73,
644.72,
644.7,
644.69,
644.68,
644.66,
644.65,
644.63,
644.62,
644.6,
644.59,
644.57,
644.56,
644.54,
644.53,
644.51,
644.5,
644.48,
644.47,
644.45,
644.44,
644.42,
644.41,
644.39,
644.38,
644.37,
644.35,
644.34,
644.32,
644.31,
644.29,
644.28,
644.26,
644.25,
644.23,
644.22,
644.2,
644.18,
644.17,
644.15,
644.14,
644.12,
644.11,
644.09,
644.08,
644.06,
644.05,
644.03,
644.02,
644.0,
643.99,
643.97,
643.96,
643.94,
643.93,
643.91,
643.9,
643.88,
643.86,
643.85,
643.83,
643.82,
643.8,
643.79,
643.77,
643.76,
643.74,
643.73,
643.71,
643.7,
643.68,
643.66,
643.65,
643.63,
643.62,
643.6,
643.59,
643.57,
643.56,
643.54,
643.52,
643.51,
643.49,
643.48,
643.46,
643.45,
643.43,
643.41,
643.4,
643.38,
643.37,
643.35,
643.34,
643.32,
643.3,
643.29,
643.27,
643.26,
643.24,
643.23,
643.21,
643.19,
643.18,
643.16,
643.15,
643.13,
643.11,
643.1,
643.08,
643.07,
643.05,
643.03,
643.02,
643.0,
642.99,
642.97,
642.96,
642.94,
642.92,
642.91,
642.89,
642.88,
642.86,
642.84,
642.83,
642.81,
642.8,
642.78,
642.76,
642.75,
642.73,
642.72,
642.7,
642.68,
642.67,
642.65,
642.63,
642.62,
642.6,
642.59,
642.57,
642.55,
642.54,
642.52,
642.51,
642.49,
642.47,
642.46,
642.44,
642.43,
642.41,
642.39,
642.38,
642.36,
642.34,
642.33,
642.31,
642.3,
642.28,
642.26,
642.25,
642.23,
642.21,
642.2,
642.18,
642.17,
642.15,
642.13,
642.12,
642.1,
642.08,
642.07,
642.05,
642.04,
642.02,
642.0,
641.99,
641.97,
641.95,
641.94,
641.92,
641.91,
641.89,
641.87,
641.86,
641.84,
641.82,
641.81,
641.79,
641.77,
641.76,
641.74,
641.73,
641.71,
641.69,
641.68,
641.66,
641.64,
641.63,
641.61,
641.59,
641.58,
641.56,
641.55,
641.53,
641.51,
641.5,
641.48,
641.46,
641.45,
641.43,
641.41,
641.4,
641.38,
641.37,
641.35,
641.33,
641.32,
641.3,
641.28,
641.27,
641.25,
641.24,
641.22,
641.2,
641.19,
641.17,
641.15,
641.14,
641.12,
641.1,
641.09,
641.07,
641.06,
641.04,
641.02,
641.01,
640.99,
640.97,
640.96,
640.94,
640.92,
640.91,
640.89,
640.88,
640.86,
640.84,
640.83,
640.81,
640.79,
640.78,
640.76,
640.74,
640.73,
640.71,
640.7,
640.68,
640.66,
640.65,
640.63,
640.61,
640.6,
640.58,
640.57,
640.55,
640.53,
640.52,
640.5,
640.48,
640.47,
640.45,
640.44,
640.42,
640.4,
640.39,
640.37,
640.35,
640.34,
640.32,
640.31,
640.29,
640.27,
640.26,
640.24,
640.22,
640.21,
640.19,
640.18,
640.16,
640.14,
640.13,
640.11,
640.1,
640.08,
640.06,
640.05,
640.03,
640.02,
640.0,
639.98,
639.97,
639.95,
639.93,
639.92,
639.9,
639.89,
639.87,
639.85,
639.84,
639.82,
639.81,
639.79,
639.77,
639.76,
639.74,
639.73,
639.71,
639.69,
639.68,
639.66,
639.65,
639.63,
639.62,
639.6,
639.58,
639.57,
639.55,
639.54,
639.52,
639.5,
639.49,
639.47,
639.46,
639.44,
639.43,
639.41,
639.39,
639.38,
639.36,
639.35,
639.33,
639.31,
639.3,
639.28,
639.27,
639.25,
639.24,
639.22,
639.21,
639.19,
639.17,
639.16,
639.14,
639.13,
639.11,
639.1,
639.08,
639.06,
639.05,
639.03,
639.02,
639.0,
638.99,
638.97,
638.96,
638.94,
638.93,
638.91,
638.89,
638.88,
638.86,
638.85,
638.83,
638.82,
638.8,
638.79,
638.77,
638.76,
638.74,
638.73,
638.71,
638.7,
638.68,
638.67,
638.65,
638.63,
638.62,
638.6,
638.59,
638.57,
638.56,
638.54,
638.53,
638.51,
638.5,
638.48,
638.47,
638.45,
638.44,
638.42,
638.41,
638.39,
638.38,
638.36,
638.35,
638.33,
638.32,
638.3,
638.29,
638.27,
638.26,
638.25,
638.23,
638.22,
638.2,
638.19,
638.17,
638.16,
638.14,
638.13,
638.11,
638.1,
638.08,
638.07,
638.05,
638.04,
638.03,
638.01,
638.0,
637.98,
637.97,
637.95,
637.94,
637.92,
637.91,
637.9,
637.88,
637.87,
637.85,
637.84,
637.82,
637.81,
637.8,
637.78,
637.77,
637.75,
637.74,
637.72,
637.71,
637.7,
637.68,
637.67,
637.65,
637.64,
637.63,
637.61,
637.6,
637.58,
637.57,
637.56,
637.54,
637.53,
637.51,
637.5,
637.49,
637.47,
637.46,
637.45,
637.43,
637.42,
637.4,
637.39,
637.38,
637.36,
637.35,
637.34,
637.32,
637.31,
637.3,
637.28,
637.27,
637.26,
637.24,
637.23,
637.22,
637.2,
637.19,
637.18,
637.16,
637.15,
637.14,
637.12,
637.11,
637.1,
637.08,
637.07,
637.06,
637.04,
637.03,
637.02,
637.0,
636.99,
636.98,
636.97,
636.95,
636.94,
636.93,
636.91,
636.9,
636.89,
636.88,
636.86,
636.85,
636.84,
636.83,
636.81,
636.8,
636.79,
636.77,
636.76,
636.75,
636.74,
636.72,
636.71,
636.7,
636.69,
636.67,
636.66,
636.65,
636.64,
636.63,
636.61,
636.6,
636.59,
636.58,
636.56,
636.55,
636.54,
636.53,
636.52,
636.5,
636.49,
636.48,
636.47,
636.46,
636.45,
636.43,
636.42,
636.41,
636.4,
636.39,
636.37,
636.36,
636.35,
636.34,
636.33,
636.32,
636.3,
636.29,
636.28,
636.27,
636.26,
636.25,
636.24,
636.22,
636.21,
636.2,
636.19,
636.18,
636.17,
636.16,
636.15,
636.14,
636.12,
636.11,
636.1,
636.09,
636.08,
636.07,
636.06,
636.05,
636.04,
636.03,
636.02,
636.0,
635.99,
635.98,
635.97,
635.96,
635.95,
635.94,
635.93,
635.92,
635.91,
635.9,
635.89,
635.88,
635.87,
635.86,
635.85,
635.84,
635.83,
635.82,
635.81,
635.8,
635.79,
635.78,
635.77,
635.76,
635.75,
635.74,
635.73,
635.72,
635.71,
635.7,
635.69,
635.68,
635.67,
635.66,
635.65,
635.64,
635.63,
635.62,
635.61,
635.6,
635.59,
635.58,
635.57,
635.56,
635.55,
635.54,
635.53,
635.53,
635.52,
635.51,
635.5,
635.49,
635.48,
635.47,
635.46,
635.45,
635.44,
635.44,
635.43,
635.42,
635.41,
635.4,
635.39,
635.38,
635.37,
635.37,
635.36,
635.35,
635.34,
635.33,
635.32,
635.31,
635.31,
635.3,
635.29,
635.28,
635.27,
635.26,
635.26,
635.25,
635.24,
635.23,
635.22,
635.22,
635.21,
635.2,
635.19,
635.19,
635.18,
635.17,
635.16,
635.15,
635.15,
635.14,
635.13,
635.12,
635.12,
635.11,
635.1,
635.09,
635.09,
635.08,
635.07,
635.06,
635.06,
635.05,
635.04,
635.04,
635.03,
635.02,
635.02,
635.01,
635.0,
634.99,
634.99,
634.98,
634.97,
634.97,
634.96,
634.95,
634.95,
634.94,
634.93,
634.93,
634.92,
634.92,
634.91,
634.9,
634.9,
634.89,
634.88,
634.88,
634.87,
634.87,
634.86,
634.85,
634.85,
634.84,
634.84,
634.83,
634.82,
634.82,
634.81,
634.81,
634.8,
634.8,
634.79,
634.78,
634.78,
634.77,
634.77,
634.76,
634.76,
634.75,
634.75,
634.74,
634.74,
634.73,
634.73,
634.72,
634.72,
634.71,
634.71,
634.7,
634.7,
634.69,
634.69,
634.68,
634.68,
634.67,
634.67,
634.66,
634.66,
634.65,
634.65,
634.65,
634.64,
634.64,
634.63,
634.63,
634.62,
634.62,
634.62,
634.61,
634.61,
634.6,
634.6,
634.6,
634.59,
634.59,
634.58,
634.58,
634.58,
634.57,
634.57,
634.57,
634.56,
634.56,
634.56,
634.55,
634.55,
634.55,
634.54,
634.54,
634.54,
634.53,
634.53,
634.53,
634.52,
634.52,
634.52,
634.51,
634.51,
634.51,
634.51,
634.5,
634.5,
634.5,
634.5,
634.49,
634.49,
634.49,
634.49,
634.48,
634.48,
634.48,
634.48,
634.47,
634.47,
634.47,
634.47,
634.47,
634.46,
634.46,
634.46,
634.46,
634.46,
634.45,
634.45,
634.45,
634.45,
634.45,
634.45,
634.44,
634.44,
634.44,
634.44,
634.44,
634.44,
634.44,
634.44,
634.43,
634.43,
634.43,
634.43,
634.43,
634.43,
634.43,
634.43,
634.43,
634.43,
634.42,
634.42,
634.42,
634.42,
634.42,
634.42,
634.42,
634.42,
634.42,
634.42,
634.42,
634.42,
634.42,
634.42,
634.42,
634.42,
634.42,
634.42,
634.42,
634.42,
634.42,
634.42,
634.42,
634.42,
634.42,
634.42,
634.42,
634.42,
634.42,
634.42,
634.42,
634.43,
634.43,
634.43,
634.43,
634.43,
634.43,
634.43,
634.43,
634.43,
634.43,
634.44,
634.44,
634.44,
634.44,
634.44,
634.44,
634.44,
634.44,
634.45,
634.45,
634.45,
634.45,
634.45,
634.45,
634.46,
634.46,
634.46,
634.46,
634.46,
634.47,
634.47,
634.47,
634.47,
634.48,
634.48,
634.48,
634.48,
634.48,
634.49,
634.49,
634.49,
634.49,
634.5,
634.5,
634.5,
634.51,
634.51,
634.51,
634.51,
634.52,
634.52,
634.52,
634.53,
634.53,
634.53,
634.54,
634.54,
634.54,
634.55,
634.55,
634.55,
634.56,
634.56,
634.56,
634.57,
634.57,
634.58,
634.58,
634.58,
634.59,
634.59,
634.6,
634.6,
634.6,
634.61,
634.61,
634.62,
634.62,
634.62,
634.63,
634.63,
634.64,
634.64,
634.65,
634.65,
634.66,
634.66,
634.67,
634.67,
634.68,
634.68,
634.69,
634.69,
634.7,
634.7,
634.71,
634.71,
634.72,
634.72,
634.73,
634.73,
634.74,
634.74,
634.75,
634.76,
634.76,
634.77,
634.77,
634.78,
634.78,
634.79,
634.8,
634.8,
634.81,
634.81,
634.82,
634.83,
634.83,
634.84,
634.85,
634.85,
634.86,
634.87,
634.87,
634.88,
634.88,
634.89,
634.9,
634.9,
634.91,
634.92,
634.93,
634.93,
634.94,
634.95,
634.95,
634.96,
634.97,
634.98,
634.98,
634.99,
635.0,
635.01,
635.01,
635.02,
635.03,
635.04,
635.04,
635.05,
635.06,
635.07,
635.07,
635.08,
635.09,
635.1,
635.11,
635.11,
635.12,
635.13,
635.14,
635.15,
635.16,
635.16,
635.17,
635.18,
635.19,
635.2,
635.21,
635.22,
635.22,
635.23,
635.24,
635.25,
635.26,
635.27,
635.28,
635.29,
635.3,
635.31,
635.32,
635.32,
635.33,
635.34,
635.35,
635.36,
635.37,
635.38,
635.39,
635.4,
635.41,
635.42,
635.43,
635.44,
635.45,
635.46,
635.47,
635.48,
635.49,
635.5,
635.51,
635.52,
635.53,
635.54,
635.55,
635.56,
635.57,
635.58,
635.59,
635.6,
635.62,
635.63,
635.64,
635.65,
635.66,
635.67,
635.68,
635.69,
635.7,
635.71,
635.72,
635.74,
635.75,
635.76,
635.77,
635.78,
635.79,
635.8,
635.82,
635.83,
635.84,
635.85,
635.86,
635.87,
635.89,
635.9,
635.91,
635.92,
635.93,
635.95,
635.96,
635.97,
635.98,
636.0,
636.01,
636.02,
636.03,
636.05,
636.06,
636.07,
636.08,
636.1,
636.11,
636.12,
636.13,
636.15,
636.16,
636.17,
636.19,
636.2,
636.21,
636.22,
636.24,
636.25,
636.26,
636.28,
636.29,
636.3,
636.32,
636.33,
636.35,
636.36,
636.37,
636.39,
636.4,
636.41,
636.43,
636.44,
636.46,
636.47,
636.48,
636.5,
636.51,
636.53,
636.54,
636.55,
636.57,
636.58,
636.6,
636.61,
636.63,
636.64,
636.66,
636.67,
636.69,
636.7,
636.71,
636.73,
636.74,
636.76,
636.77,
636.79,
636.8,
636.82,
636.83,
636.85,
636.87,
636.88,
636.9,
636.91,
636.93,
636.94,
636.96,
636.97,
636.99,
637.0,
637.02,
637.04,
637.05,
637.07,
637.08,
637.1,
637.12,
637.13,
637.15,
637.16,
637.18,
637.2,
637.21,
637.23,
637.24,
637.26,
637.28,
637.29,
637.31,
637.33,
637.34,
637.36,
637.38,
637.39,
637.41,
637.43,
637.44,
637.46,
637.48,
637.5,
637.51,
637.53,
637.55,
637.56,
637.58,
637.6,
637.62,
637.63,
637.65,
637.67,
637.69,
637.7,
637.72,
637.74,
637.76,
637.77,
637.79,
637.81,
637.83,
637.85,
637.86,
637.88,
637.9,
637.92,
637.94,
637.95,
637.97,
637.99,
638.01,
638.03,
638.05,
638.06,
638.08,
638.1,
638.12,
638.14,
638.16,
638.18,
638.19,
638.21,
638.23,
638.25,
638.27,
638.29,
638.31,
638.33,
638.35,
638.37,
638.38,
638.4,
638.42,
638.44,
638.46,
638.48,
638.5,
638.52,
638.54,
638.56,
638.58,
638.6,
638.62,
638.64,
638.66,
638.68,
638.7,
638.72,
638.74,
638.76,
638.78,
638.8,
638.82,
638.84,
638.86,
638.88,
638.9,
638.92,
638.94,
638.96,
638.98,
639.0,
639.02,
639.04,
639.06,
639.08,
639.1,
639.12,
639.15,
639.17,
639.19,
639.21,
639.23,
639.25,
639.27,
639.29,
639.31,
639.33,
639.36,
639.38,
639.4,
639.42,
639.44,
639.46,
639.48,
639.51,
639.53,
639.55,
639.57,
639.59,
639.61,
639.63,
639.66,
639.68,
639.7,
639.72,
639.74,
639.77,
639.79,
639.81,
639.83,
639.85,
639.88,
639.9,
639.92,
639.94,
639.97,
639.99,
640.01,
640.03,
640.05,
640.08,
640.1,
640.12,
640.15,
640.17,
640.19,
640.21,
640.24,
640.26,
640.28,
640.3,
640.33,
640.35,
640.37,
640.4,
640.42,
640.44,
640.47,
640.49,
640.51,
640.54,
640.56,
640.58,
640.61,
640.63,
640.65,
640.68,
640.7,
640.72,
640.75,
640.77,
640.79,
640.82,
640.84,
640.86,
640.89,
640.91,
640.94,
640.96,
640.98,
641.01,
641.03,
641.06,
641.08,
641.1,
641.13,
641.15,
641.18,
641.2,
641.23,
641.25,
641.27,
641.3,
641.32,
641.35,
641.37,
641.4,
641.42,
641.45,
641.47,
641.5,
641.52,
641.54,
641.57,
641.59,
641.62,
641.64,
641.67,
641.69,
641.72,
641.74,
641.77,
641.79,
641.82,
641.84,
641.87,
641.9,
641.92,
641.95,
641.97,
642.0,
642.02,
642.05,
642.07,
642.1,
642.12,
642.15,
642.18,
642.2,
642.23,
642.25,
642.28,
642.3,
642.33,
642.36,
642.38,
642.41,
642.43,
642.46,
642.48,
642.51,
642.54,
642.56,
642.59,
642.62,
642.64,
642.67,
642.69,
642.72,
642.75,
642.77,
642.8,
642.83,
642.85,
642.88,
642.9,
642.93,
642.96,
642.98,
643.01,
643.04,
643.06,
643.09,
643.12,
643.14,
643.17,
643.2,
643.23,
643.25,
643.28,
643.31,
643.33,
643.36,
643.39,
643.41,
643.44,
643.47,
643.5,
643.52,
643.55,
643.58,
643.6,
643.63,
643.66,
643.69,
643.71,
643.74,
643.77,
643.8,
643.82,
643.85,
643.88,
643.91,
643.93,
643.96,
643.99,
644.02,
644.04,
644.07,
644.1,
644.13,
644.15,
644.18,
644.21,
644.24,
644.27,
644.29,
644.32,
644.35,
644.38,
644.41,
644.43,
644.46,
644.49,
644.52,
644.55,
644.58,
644.6,
644.63,
644.66,
644.69,
644.72,
644.74,
644.77,
644.8,
644.83,
644.86,
644.89,
644.92,
644.94,
644.97,
645.0,
645.03,
645.06,
645.09,
645.12,
645.14,
645.17,
645.2,
645.23,
645.26,
645.29,
645.32,
645.35,
645.37,
645.4,
645.43,
645.46,
645.49,
645.52,
645.55,
645.58,
645.61,
645.64,
645.66,
645.69,
645.72,
645.75,
645.78,
645.81,
645.84,
645.87,
645.9,
645.93,
645.96,
645.99,
646.02,
646.05,
646.07,
646.1,
646.13,
646.16,
646.19,
646.22,
646.25,
646.28,
646.31,
646.34,
646.37,
646.4,
646.43,
646.46,
646.49,
646.52,
646.55,
646.58,
646.61,
646.64,
646.67,
646.7,
646.73,
646.76,
646.79,
646.82,
646.85,
646.88,
646.91,
646.94,
646.97,
647.0,
647.03,
647.06,
647.09,
647.12,
647.15,
647.18,
647.21,
647.24,
647.27,
647.3,
647.33,
647.36,
647.39,
647.42,
647.45,
647.48,
647.51,
647.54,
647.57,
647.6,
647.63,
647.66,
647.69,
647.72,
647.75,
647.78,
647.81,
647.84,
647.87,
647.9,
647.93,
647.96,
648.0,
648.03,
648.06,
648.09,
648.12,
648.15,
648.18,
648.21,
648.24,
648.27,
648.3,
648.33,
648.36,
648.39,
648.42,
648.46,
648.49,
648.52,
648.55,
648.58,
648.61,
648.64,
648.67,
648.7,
648.73,
648.76,
648.79,
648.83,
648.86,
648.89,
648.92,
648.95,
648.98,
649.01,
649.04,
649.07,
649.1,
649.14,
649.17,
649.2,
649.23,
649.26,
649.29,
649.32,
649.35,
649.38,
649.41,
649.45,
649.48,
649.51,
649.54,
649.57,
649.6,
649.63,
649.66,
649.7,
649.73,
649.76,
649.79,
649.82,
649.85,
649.88,
649.91,
649.95,
649.98,
650.01,
650.04,
650.07,
650.1,
650.13,
650.16,
650.2,
650.23,
650.26,
650.29,
650.32,
650.35,
650.38,
650.42,
650.45,
650.48,
650.51,
650.54,
650.57,
650.6,
650.64,
650.67,
650.7,
650.73,
650.76,
650.79,
650.82,
650.86,
650.89,
650.92,
650.95,
650.98,
651.01,
651.04,
651.08,
651.11,
651.14,
651.17,
651.2,
651.23,
651.27,
651.3,
651.33,
651.36,
651.39,
651.42,
651.46,
651.49,
651.52,
651.55,
651.58,
651.61,
651.64,
651.68,
651.71,
651.74,
651.77,
651.8,
651.83,
651.87,
651.9,
651.93,
651.96,
651.99,
652.02,
652.06,
652.09,
652.12,
652.15,
652.18,
652.21,
652.25,
652.28,
652.31,
652.34,
652.37,
652.4,
652.44,
652.47,
652.5,
652.53,
652.56,
652.59,
652.63,
652.66,
652.69,
652.72,
652.75,
652.78,
652.82,
652.85,
652.88,
652.91,
652.94,
652.97,
653.0,
653.04,
653.07,
653.1,
653.13,
653.16,
653.19,
653.23,
653.26,
653.29,
653.32,
653.35,
653.38,
653.42,
653.45,
653.48,
653.51,
653.54,
653.57,
653.61,
653.64,
653.67,
653.7,
653.73,
653.76,
653.8,
653.83,
653.86,
653.89,
653.92,
653.95,
653.98,
654.02,
654.05,
654.08,
654.11,
654.14,
654.17,
654.21,
654.24,
654.27,
654.3,
654.33,
654.36,
654.39,
654.43,
654.46,
654.49,
654.52,
654.55,
654.58,
654.61,
654.65,
654.68,
654.71,
654.74,
654.77,
654.8,
654.83,
654.87,
654.9,
654.93,
654.96,
654.99,
655.02,
655.05,
655.09,
655.12,
655.15,
655.18,
655.21,
655.24,
655.27,
655.3,
655.34,
655.37,
655.4,
655.43,
655.46,
655.49,
655.52,
655.55,
655.59,
655.62,
655.65,
655.68,
655.71,
655.74,
655.77,
655.8,
655.83,
655.87,
655.9,
655.93,
655.96,
655.99,
656.02,
656.05,
656.08,
656.11,
656.14,
656.18,
656.21,
656.24,
656.27,
656.3,
656.33,
656.36,
656.39,
656.42,
656.45,
656.48,
656.52,
656.55,
656.58,
656.61,
656.64,
656.67,
656.7,
656.73,
656.76,
656.79,
656.82,
656.85,
656.89,
656.92,
656.95,
656.98,
657.01,
657.04,
657.07,
657.1,
657.13,
657.16,
657.19,
657.22,
657.25,
657.28,
657.31,
657.34,
657.37,
657.4,
657.44,
657.47,
657.5,
657.53,
657.56,
657.59,
657.62,
657.65,
657.68,
657.71,
657.74,
657.77,
657.8,
657.83,
657.86,
657.89,
657.92,
657.95,
657.98,
658.01,
658.04,
658.07,
658.1,
658.13,
658.16,
658.19,
658.22,
658.25,
658.28,
658.31,
658.34,
658.37,
658.4,
658.43,
658.46,
658.49,
658.52,
658.55,
658.58,
658.61,
658.64,
658.67,
658.7,
658.73,
658.76,
658.79,
658.82,
658.85,
658.88,
658.9,
658.93,
658.96,
658.99,
659.02,
659.05,
659.08,
659.11,
659.14,
659.17,
659.2,
659.23,
659.26,
659.29,
659.32,
659.35,
659.37,
659.4,
659.43,
659.46,
659.49,
659.52,
659.55,
659.58,
659.61,
659.64,
659.67,
659.69,
659.72,
659.75,
659.78,
659.81,
659.84,
659.87,
659.9,
659.93,
659.95,
659.98,
660.01,
660.04,
660.07,
660.1,
660.13,
660.15,
660.18,
660.21,
660.24,
660.27,
660.3,
660.33,
660.35,
660.38,
660.41,
660.44,
660.47,
660.5,
660.52,
660.55,
660.58,
660.61,
660.64,
660.66,
660.69,
660.72,
660.75,
660.78,
660.8,
660.83,
660.86,
660.89,
660.92,
660.94,
660.97,
661.0,
661.03,
661.06,
661.08,
661.11,
661.14,
661.17,
661.19,
661.22,
661.25,
661.28,
661.3,
661.33,
661.36,
661.39,
661.41,
661.44,
661.47,
661.5,
661.52,
661.55,
661.58,
661.6,
661.63,
661.66,
661.69,
661.71,
661.74,
661.77,
661.79,
661.82,
661.85,
661.87,
661.9,
661.93,
661.96,
661.98,
662.01,
662.04,
662.06,
662.09,
662.12,
662.14,
662.17,
662.19,
662.22,
662.25,
662.27,
662.3,
662.33,
662.35,
662.38,
662.41,
662.43,
662.46,
662.48,
662.51,
662.54,
662.56,
662.59,
662.61,
662.64,
662.67,
662.69,
662.72,
662.74,
662.77,
662.8,
662.82,
662.85,
662.87,
662.9,
662.92,
662.95,
662.98,
663.0,
663.03,
663.05,
663.08,
663.1,
663.13,
663.15,
663.18,
663.2,
663.23,
663.25,
663.28,
663.3,
663.33,
663.36,
663.38,
663.41,
663.43,
663.45,
663.48,
663.5,
663.53,
663.55,
663.58,
663.6,
663.63,
663.65,
663.68,
663.7,
663.73,
663.75,
663.78,
663.8,
663.82,
663.85,
663.87,
663.9,
663.92,
663.95,
663.97,
663.99,
664.02,
664.04,
664.07,
664.09,
664.11,
664.14,
664.16,
664.19,
664.21,
664.23,
664.26,
664.28,
664.3,
664.33,
664.35,
664.37,
664.4,
664.42,
664.44,
664.47,
664.49,
664.51,
664.54,
664.56,
664.58,
664.61,
664.63,
664.65,
664.68,
664.7,
664.72,
664.75,
664.77,
664.79,
664.81,
664.84,
664.86,
664.88,
664.91,
664.93,
664.95,
664.97,
665.0,
665.02,
665.04,
665.06,
665.08,
665.11,
665.13,
665.15,
665.17,
665.2,
665.22,
665.24,
665.26,
665.28,
665.31,
665.33,
665.35,
665.37,
665.39,
665.41,
665.44,
665.46,
665.48,
665.5,
665.52,
665.54,
665.57,
665.59,
665.61,
665.63,
665.65,
665.67,
665.69,
665.71,
665.74,
665.76,
665.78,
665.8,
665.82,
665.84,
665.86,
665.88,
665.9,
665.92,
665.94,
665.96,
665.99,
666.01,
666.03,
666.05,
666.07,
666.09,
666.11,
666.13,
666.15,
666.17,
666.19,
666.21,
666.23,
666.25,
666.27,
666.29,
666.31,
666.33,
666.35,
666.37,
666.39,
666.41,
666.43,
666.45,
666.47,
666.49,
666.5,
666.52,
666.54,
666.56,
666.58,
666.6,
666.62,
666.64,
666.66,
666.68,
666.7,
666.72,
666.73,
666.75,
666.77,
666.79,
666.81,
666.83,
666.85,
666.87,
666.88,
666.9,
666.92,
666.94,
666.96,
666.98,
666.99,
667.01,
667.03,
667.05,
667.07,
667.09,
667.1,
667.12,
667.14,
667.16,
667.18,
667.19,
667.21,
667.23,
667.25,
667.26,
667.28,
667.3,
667.32,
667.33,
667.35,
667.37,
667.39,
667.4,
667.42,
667.44,
667.45,
667.47,
667.49,
667.5,
667.52,
667.54,
667.56,
667.57,
667.59,
667.61,
667.62,
667.64,
667.66,
667.67,
667.69,
667.7,
667.72,
667.74,
667.75,
667.77,
667.79,
667.8,
667.82,
667.83,
667.85,
667.87,
667.88,
667.9,
667.91,
667.93,
667.94,
667.96,
667.98,
667.99,
668.01,
668.02,
668.04,
668.05,
668.07,
668.08,
668.1,
668.11,
668.13,
668.14,
668.16,
668.17,
668.19,
668.2,
668.22,
668.23,
668.25,
668.26,
668.28,
668.29,
668.3,
668.32,
668.33,
668.35,
668.36,
668.38,
668.39,
668.4,
668.42,
668.43,
668.45,
668.46,
668.47,
668.49,
668.5,
668.52,
668.53,
668.54,
668.56,
668.57,
668.58,
668.6,
668.61,
668.62,
668.64,
668.65,
668.66,
668.68,
668.69,
668.7,
668.72,
668.73,
668.74,
668.75,
668.77,
668.78,
668.79,
668.81,
668.82,
668.83,
668.84,
668.86,
668.87,
668.88,
668.89,
668.9,
668.92,
668.93,
668.94,
668.95,
668.96,
668.98,
668.99,
669.0,
669.01,
669.02,
669.04,
669.05,
669.06,
669.07,
669.08,
669.09,
669.1,
669.12,
669.13,
669.14,
669.15,
669.16,
669.17,
669.18,
669.19,
669.2,
669.21,
669.23,
669.24,
669.25,
669.26,
669.27,
669.28,
669.29,
669.3,
669.31,
669.32,
669.33,
669.34,
669.35,
669.36,
669.37,
669.38,
669.39,
669.4,
669.41,
669.42,
669.43,
669.44,
669.45,
669.46,
669.47,
669.48,
669.49,
669.5,
669.51,
669.52,
669.52,
669.53,
669.54,
669.55,
669.56,
669.57,
669.58,
669.59,
669.6,
669.61,
669.61,
669.62,
669.63,
669.64,
669.65,
669.66,
669.67,
669.67,
669.68,
669.69,
669.7,
669.71,
669.71,
669.72,
669.73,
669.74,
669.75,
669.75,
669.76,
669.77,
669.78,
669.78,
669.79,
669.8,
669.81,
669.81,
669.82,
669.83,
669.84,
669.84,
669.85,
669.86,
669.86,
669.87,
669.88,
669.89,
669.89,
669.9,
669.91,
669.91,
669.92,
669.93,
669.93,
669.94,
669.94,
669.95,
669.96,
669.96,
669.97,
669.98,
669.98,
669.99,
669.99,
670.0,
670.01,
670.01,
670.02,
670.02,
670.03,
670.03,
670.04,
670.04,
670.05,
670.06,
670.06,
670.07,
670.07,
670.08,
670.08,
670.09,
670.09,
670.1,
670.1,
670.11,
670.11,
670.12,
670.12,
670.12,
670.13,
670.13,
670.14,
670.14,
670.15,
670.15,
670.16,
670.16,
670.16,
670.17,
670.17,
670.18,
670.18,
670.18,
670.19,
670.19,
670.2,
670.2,
670.2,
670.21,
670.21,
670.21,
670.22,
670.22,
670.22,
670.23,
670.23,
670.23,
670.24,
670.24,
670.24,
670.24,
670.25,
670.25,
670.25,
670.26,
670.26,
670.26,
670.26,
670.27,
670.27,
670.27,
670.27,
670.28,
670.28,
670.28,
670.28,
670.28,
670.29,
670.29,
670.29,
670.29,
670.29,
670.3,
670.3,
670.3,
670.3,
670.3,
670.3,
670.3,
670.31,
670.31,
670.31,
670.31,
670.31,
670.31,
670.31,
670.31,
670.32,
670.32,
670.32,
670.32,
670.32,
670.32,
670.32,
670.32,
670.32,
670.32,
670.32,
670.32,
670.32,
670.32,
670.32,
670.32,
670.32,
670.32,
670.32,
670.32,
670.32,
670.32,
670.32,
670.32,
670.32,
670.32,
670.32,
670.32,
670.32,
670.32,
670.32,
670.32,
670.32,
670.32,
670.32,
670.32,
670.31,
670.31,
670.31,
670.31,
670.31,
670.31,
670.31,
670.31,
670.31,
670.3,
670.3,
670.3,
670.3,
670.3,
670.3,
670.29,
670.29,
670.29,
670.29,
670.29,
670.29,
670.28,
670.28,
670.28,
670.28,
670.27,
670.27,
670.27,
670.27,
670.27,
670.26,
670.26,
670.26,
670.25,
670.25,
670.25,
670.25,
670.24,
670.24,
670.24,
670.23,
670.23,
670.23,
670.23,
670.22,
670.22,
670.22,
670.21,
670.21,
670.21,
670.2,
670.2,
670.19,
670.19,
670.19,
670.18,
670.18,
670.18,
670.17,
670.17,
670.16,
670.16,
670.16,
670.15,
670.15,
670.14,
670.14,
670.13,
670.13,
670.13,
670.12,
670.12,
670.11,
670.11,
670.1,
670.1,
670.09,
670.09,
670.08,
670.08,
670.07,
670.07,
670.06,
670.06,
670.05,
670.05,
670.04,
670.04,
670.03,
670.03,
670.02,
670.01,
670.01,
670.0,
670.0,
669.99,
669.99,
669.98,
669.97,
669.97,
669.96,
669.96,
669.95,
669.94,
669.94,
669.93,
669.92,
669.92,
669.91,
669.91,
669.9,
669.89,
669.89,
669.88,
669.87,
669.87,
669.86,
669.85,
669.84,
669.84,
669.83,
669.82,
669.82,
669.81,
669.8,
669.79,
669.79,
669.78,
669.77,
669.77,
669.76,
669.75,
669.74,
669.73,
669.73,
669.72,
669.71,
669.7,
669.7,
669.69,
669.68,
669.67,
669.66,
669.66,
669.65,
669.64,
669.63,
669.62,
669.61,
669.61,
669.6,
669.59,
669.58,
669.57,
669.56,
669.55,
669.55,
669.54,
669.53,
669.52,
669.51,
669.5,
669.49,
669.48,
669.47,
669.47,
669.46,
669.45,
669.44,
669.43,
669.42,
669.41,
669.4,
669.39,
669.38,
669.37,
669.36,
669.35,
669.34,
669.33,
669.32,
669.31,
669.3,
669.29,
669.28,
669.27,
669.26,
669.25,
669.24,
669.23,
669.22,
669.21,
669.2,
669.19,
669.18,
669.17,
669.16,
669.15,
669.14,
669.13,
669.12,
669.1,
669.09,
669.08,
669.07,
669.06,
669.05,
669.04,
669.03,
669.02,
669.01,
668.99,
668.98,
668.97,
668.96,
668.95,
668.94,
668.93,
668.91,
668.9,
668.89,
668.88,
668.87,
668.86,
668.84,
668.83,
668.82,
668.81,
668.8,
668.78,
668.77,
668.76,
668.75,
668.74,
668.72,
668.71,
668.7,
668.69,
668.67,
668.66,
668.65,
668.64,
668.62,
668.61,
668.6,
668.59,
668.57,
668.56,
668.55,
668.53,
668.52,
668.51,
668.5,
668.48,
668.47,
668.46,
668.44,
668.43,
668.42,
668.4,
668.39,
668.38,
668.36,
668.35,
668.34,
668.32,
668.31,
668.3,
668.28,
668.27,
668.25,
668.24,
668.23,
668.21,
668.2,
668.18,
668.17,
668.16,
668.14,
668.13,
668.11,
668.1,
668.09,
668.07,
668.06,
668.04,
668.03,
668.01,
668.0,
667.98,
667.97,
667.96,
667.94,
667.93,
667.91,
667.9,
667.88,
667.87,
667.85,
667.84,
667.82,
667.81,
667.79,
667.78,
667.76,
667.75,
667.73,
667.72,
667.7,
667.69,
667.67,
667.66,
667.64,
667.62,
667.61,
667.59,
667.58,
667.56,
667.55,
667.53,
667.52,
667.5,
667.48,
667.47,
667.45,
667.44,
667.42,
667.4,
667.39,
667.37,
667.36,
667.34,
667.32,
667.31,
667.29,
667.28,
667.26,
667.24,
667.23,
667.21,
667.19,
667.18,
667.16,
667.14,
667.13,
667.11,
667.09,
667.08,
667.06,
667.04,
667.03,
667.01,
666.99,
666.98,
666.96,
666.94,
666.93,
666.91,
666.89,
666.87,
666.86,
666.84,
666.82,
666.81,
666.79,
666.77,
666.75,
666.74,
666.72,
666.7,
666.68,
666.67,
666.65,
666.63,
666.61,
666.6,
666.58,
666.56,
666.54,
666.52,
666.51,
666.49,
666.47,
666.45,
666.44,
666.42,
666.4,
666.38,
666.36,
666.35,
666.33,
666.31,
666.29,
666.27,
666.25,
666.24,
666.22,
666.2,
666.18,
666.16,
666.14,
666.13,
666.11,
666.09,
666.07,
666.05,
666.03,
666.01,
666.0,
665.98,
665.96,
665.94,
665.92,
665.9,
665.88,
665.86,
665.84,
665.83,
665.81,
665.79,
665.77,
665.75,
665.73,
665.71,
665.69,
665.67,
665.65,
665.63,
665.61,
665.6,
665.58,
665.56,
665.54,
665.52,
665.5,
665.48,
665.46,
665.44,
665.42,
665.4,
665.38,
665.36,
665.34,
665.32,
665.3,
665.28,
665.26,
665.24,
665.22,
665.2,
665.18,
665.16,
665.14,
665.12,
665.1,
665.08,
665.06,
665.04,
665.02,
665.0,
664.98,
664.96,
664.94,
664.92,
664.9,
664.88,
664.86,
664.84,
664.82,
664.8,
664.78,
664.76,
664.74,
664.72,
664.7,
664.68,
664.66,
664.63,
664.61,
664.59,
664.57,
664.55,
664.53,
664.51,
664.49,
664.47,
664.45,
664.43,
664.41,
664.39,
664.36,
664.34,
664.32,
664.3,
664.28,
664.26,
664.24,
664.22,
664.2,
664.18,
664.15,
664.13,
664.11,
664.09,
664.07,
664.05,
664.03,
664.0,
663.98,
663.96,
663.94,
663.92,
663.9,
663.88,
663.86,
663.83,
663.81,
663.79,
663.77,
663.75,
663.73,
663.7,
663.68,
663.66,
663.64,
663.62,
663.6,
663.57,
663.55,
663.53,
663.51,
663.49,
663.46,
663.44,
663.42,
663.4,
663.38,
663.36,
663.33,
663.31,
663.29,
663.27,
663.25,
663.22,
663.2,
663.18,
663.16,
663.13,
663.11,
663.09,
663.07,
663.05,
663.02,
663.0,
662.98,
662.96,
662.93,
662.91,
662.89,
662.87,
662.84,
662.82,
662.8,
662.78,
662.76,
662.73,
662.71,
662.69,
662.67,
662.64,
662.62,
662.6,
662.58,
662.55,
662.53,
662.51,
662.48,
662.46,
662.44,
662.42,
662.39,
662.37,
662.35,
662.33,
662.3,
662.28,
662.26,
662.23,
662.21,
662.19,
662.17,
662.14,
662.12,
662.1,
662.07,
662.05,
662.03,
662.01,
661.98,
661.96,
661.94,
661.91,
661.89,
661.87,
661.84,
661.82,
661.8,
661.77,
661.75,
661.73,
661.71,
661.68,
661.66,
661.64,
661.61,
661.59,
661.57,
661.54,
661.52,
661.5,
661.47,
661.45,
661.43,
661.4,
661.38,
661.36,
661.33,
661.31,
661.29,
661.26,
661.24,
661.22,
661.19,
661.17,
661.15,
661.12,
661.1,
661.08,
661.05,
661.03,
661.01,
660.98,
660.96,
660.94,
660.91,
660.89,
660.86,
660.84,
660.82,
660.79,
660.77,
660.75,
660.72,
660.7,
660.68,
660.65,
660.63,
660.61,
660.58,
660.56,
660.53,
660.51,
660.49,
660.46,
660.44,
660.42,
660.39,
660.37,
660.34,
660.32,
660.3,
660.27,
660.25,
660.23,
660.2,
660.18,
660.15,
660.13,
660.11,
660.08,
660.06,
660.04,
660.01,
659.99,
659.96,
659.94,
659.92,
659.89,
659.87,
659.84,
659.82,
659.8,
659.77,
659.75,
659.72,
659.7,
659.68,
659.65,
659.63,
659.61,
659.58,
659.56,
659.53,
659.51,
659.49,
659.46,
659.44,
659.41,
659.39,
659.37,
659.34,
659.32,
659.29,
659.27,
659.25,
659.22,
659.2,
659.17,
659.15,
659.13,
659.1,
659.08,
659.05,
659.03,
659.01,
658.98,
658.96,
658.93,
658.91,
658.89,
658.86,
658.84,
658.81,
658.79,
658.77,
658.74,
658.72,
658.69,
658.67,
658.65,
658.62,
658.6,
658.57,
658.55,
658.53,
658.5,
658.48,
658.45,
658.43,
658.41,
658.38,
658.36,
658.33,
658.31,
658.28,
658.26,
658.24,
658.21,
658.19,
658.16,
658.14,
658.12,
658.09,
658.07,
658.04,
658.02,
658.0,
657.97,
657.95,
657.92,
657.9,
657.88,
657.85,
657.83,
657.8,
657.78,
657.76,
657.73,
657.71,
657.68,
657.66,
657.64,
657.61,
657.59,
657.56,
657.54,
657.52,
657.49,
657.47,
657.44,
657.42,
657.4,
657.37,
657.35,
657.32,
657.3,
657.28,
657.25,
657.23,
657.2,
657.18,
657.16,
657.13,
657.11,
657.09,
657.06,
657.04,
657.01,
656.99,
656.97,
656.94,
656.92,
656.89,
656.87,
656.85,
656.82,
656.8,
656.77,
656.75,
656.73,
656.7,
656.68,
656.66,
656.63,
656.61,
656.58,
656.56,
656.54,
656.51,
656.49,
656.47,
656.44,
656.42,
656.39,
656.37,
656.35,
656.32,
656.3,
656.28,
656.25,
656.23,
656.2,
656.18,
656.16,
656.13,
656.11,
656.09,
656.06,
656.04,
656.02,
655.99,
655.97,
655.94,
655.92,
655.9,
655.87,
655.85,
655.83,
655.8,
655.78,
655.76,
655.73,
655.71,
655.69,
655.66,
655.64,
655.62,
655.59,
655.57,
655.55,
655.52,
655.5,
655.47,
655.45,
655.43,
655.4,
655.38,
655.36,
655.33,
655.31,
655.29,
655.26,
655.24,
655.22,
655.2,
655.17,
655.15,
655.13,
655.1,
655.08,
655.06,
655.03,
655.01,
654.99,
654.96,
654.94,
654.92,
654.89,
654.87,
654.85,
654.82,
654.8,
654.78,
654.76,
654.73,
654.71,
654.69,
654.66,
654.64,
654.62,
654.59,
654.57,
654.55,
654.53,
654.5,
654.48,
654.46,
654.43,
654.41,
654.39,
654.37,
654.34,
654.32,
654.3,
654.28,
654.25,
654.23,
654.21,
654.18,
654.16,
654.14,
654.12,
654.09,
654.07,
654.05,
654.03,
654.0,
653.98,
653.96,
653.94,
653.91,
653.89,
653.87,
653.85,
653.82,
653.8,
653.78,
653.76,
653.73,
653.71,
653.69,
653.67,
653.65,
653.62,
653.6,
653.58,
653.56,
653.53,
653.51,
653.49,
653.47,
653.45,
653.42,
653.4,
653.38,
653.36,
653.34,
653.31,
653.29,
653.27,
653.25,
653.23,
653.2,
653.18,
653.16,
653.14,
653.12,
653.09,
653.07,
653.05,
653.03,
653.01,
652.99,
652.96,
652.94,
652.92,
652.9,
652.88,
652.86,
652.83,
652.81,
652.79,
652.77,
652.75,
652.73,
652.7,
652.68,
652.66,
652.64,
652.62,
652.6,
652.58,
652.55,
652.53,
652.51,
652.49,
652.47,
652.45,
652.43,
652.41,
652.38,
652.36,
652.34,
652.32,
652.3,
652.28,
652.26,
652.24,
652.22,
652.2,
652.17,
652.15,
652.13,
652.11,
652.09,
652.07,
652.05,
652.03,
652.01,
651.99,
651.97,
651.95,
651.92,
651.9,
651.88,
651.86,
651.84,
651.82,
651.8,
651.78,
651.76,
651.74,
651.72,
651.7,
651.68,
651.66,
651.64,
651.62,
651.6,
651.58,
651.56,
651.54,
651.52,
651.5,
651.48,
651.45,
651.43,
651.41,
651.39,
651.37,
651.35,
651.33,
651.31,
651.29,
651.27,
651.25,
651.23,
651.21,
651.2,
651.18,
651.16,
651.14,
651.12,
651.1,
651.08,
651.06,
651.04,
651.02,
651.0,
650.98,
650.96,
650.94,
650.92,
650.9,
650.88,
650.86,
650.84,
650.82,
650.8,
650.78,
650.76,
650.75,
650.73,
650.71,
650.69,
650.67,
650.65,
650.63,
650.61,
650.59,
650.57,
650.55,
650.54,
650.52,
650.5,
650.48,
650.46,
650.44,
650.42,
650.4,
650.38,
650.37,
650.35,
650.33,
650.31,
650.29,
650.27,
650.25,
650.24,
650.22,
650.2,
650.18,
650.16,
650.14,
650.13,
650.11,
650.09,
650.07,
650.05,
650.03,
650.02,
650.0,
649.98,
649.96,
649.94,
649.93,
649.91,
649.89,
649.87,
649.85,
649.84,
649.82,
649.8,
649.78,
649.76,
649.75,
649.73,
649.71,
649.69,
649.68,
649.66,
649.64,
649.62,
649.61,
649.59,
649.57,
649.55,
649.54,
649.52,
649.5,
649.48,
649.47,
649.45,
649.43,
649.41,
649.4,
649.38,
649.36,
649.35,
649.33,
649.31,
649.29,
649.28,
649.26,
649.24,
649.23,
649.21,
649.19,
649.18,
649.16,
649.14,
649.13,
649.11,
649.09,
649.08,
649.06,
649.04,
649.03,
649.01,
648.99,
648.98,
648.96,
648.94,
648.93,
648.91,
648.9,
648.88,
648.86,
648.85,
648.83,
648.82,
648.8,
648.78,
648.77,
648.75,
648.73,
648.72,
648.7,
648.69,
648.67,
648.66,
648.64,
648.62,
648.61,
648.59,
648.58,
648.56,
648.55,
648.53,
648.52,
648.5,
648.48,
648.47,
648.45,
648.44,
648.42,
648.41,
648.39,
648.38,
648.36,
648.35,
648.33,
648.32,
648.3,
648.29,
648.27,
648.26,
648.24,
648.23,
648.21,
648.2,
648.18,
648.17,
648.15,
648.14,
648.12,
648.11,
648.09,
648.08,
648.07,
648.05,
648.04,
648.02,
648.01,
647.99,
647.98,
647.96,
647.95,
647.94,
647.92,
647.91,
647.89,
647.88,
647.87,
647.85,
647.84,
647.82,
647.81,
647.8,
647.78,
647.77,
647.75,
647.74,
647.73,
647.71,
647.7,
647.69,
647.67,
647.66,
647.64,
647.63,
647.62,
647.6,
647.59,
647.58,
647.56,
647.55,
647.54,
647.52,
647.51,
647.5,
647.49,
647.47,
647.46,
647.45,
647.43,
647.42,
647.41,
647.39,
647.38,
647.37,
647.36,
647.34,
647.33,
647.32,
647.3,
647.29,
647.28,
647.27,
647.25,
647.24,
647.23,
647.22,
647.21,
647.19,
647.18,
647.17,
647.16,
647.14,
647.13,
647.12,
647.11,
647.1,
647.08,
647.07,
647.06,
647.05,
647.04,
647.02,
647.01,
647.0,
646.99,
646.98,
646.97,
646.95,
646.94,
646.93,
646.92,
646.91,
646.9,
646.88,
646.87,
646.86,
646.85,
646.84,
646.83,
646.82,
646.81,
646.79,
646.78,
646.77,
646.76,
646.75,
646.74,
646.73,
646.72,
646.71,
646.7,
646.68,
646.67,
646.66,
646.65,
646.64,
646.63,
646.62,
646.61,
646.6,
646.59,
646.58,
646.57,
646.56,
646.55,
646.54,
646.53,
646.52,
646.51,
646.5,
646.49,
646.48,
646.47,
646.46,
646.45,
646.44,
646.43,
646.42,
646.41,
646.4,
646.39,
646.38,
646.37,
646.36,
646.35,
646.34,
646.33,
646.32,
646.31,
646.3,
646.29,
646.28,
646.27,
646.26,
646.25,
646.24,
646.24,
646.23,
646.22,
646.21,
646.2,
646.19,
646.18,
646.17,
646.16,
646.15,
646.15,
646.14,
646.13,
646.12,
646.11,
646.1,
646.09,
646.08,
646.08,
646.07,
646.06,
646.05,
646.04,
646.03,
646.03,
646.02,
646.01,
646.0,
645.99,
645.98,
645.98,
645.97,
645.96,
645.95,
645.94,
645.94,
645.93,
645.92,
645.91,
645.9,
645.9,
645.89,
645.88,
645.87,
645.87,
645.86,
645.85,
645.84,
645.84,
645.83,
645.82,
645.81,
645.81,
645.8,
645.79,
645.78,
645.78,
645.77,
645.76,
645.75,
645.75,
645.74,
645.73,
645.73,
645.72,
645.71,
645.71,
645.7,
645.69,
645.69,
645.68,
645.67,
645.67,
645.66,
645.65,
645.65,
645.64,
645.63,
645.63,
645.62,
645.61,
645.61,
645.6,
645.59,
645.59,
645.58,
645.58,
645.57,
645.56,
645.56,
645.55,
645.55,
645.54,
645.53,
645.53,
645.52,
645.52,
645.51,
645.5,
645.5,
645.49,
645.49,
645.48,
645.48,
645.47,
645.47,
645.46,
645.45,
645.45,
645.44,
645.44,
645.43,
645.43,
645.42,
645.42,
645.41,
645.41,
645.4,
645.4,
645.39,
645.39,
645.38,
645.38,
645.37,
645.37,
645.36,
645.36,
645.35,
645.35,
645.34,
645.34,
645.33,
645.33,
645.32,
645.32,
645.32,
645.31,
645.31,
645.3,
645.3,
645.29,
645.29,
645.29,
645.28,
645.28,
645.27,
645.27,
645.26,
645.26,
645.26,
645.25,
645.25,
645.24,
645.24,
645.24,
645.23,
645.23,
645.23,
645.22,
645.22,
645.21,
645.21,
645.21,
645.2,
645.2,
645.2,
645.19,
645.19,
645.19,
645.18,
645.18,
645.18,
645.17,
645.17,
645.17,
645.16,
645.16,
645.16,
645.15,
645.15,
645.15,
645.15,
645.14,
645.14,
645.14,
645.13,
645.13,
645.13,
645.13,
645.12,
645.12,
645.12,
645.12,
645.11,
645.11,
645.11,
645.11,
645.1,
645.1,
645.1,
645.1,
645.09,
645.09,
645.09,
645.09,
645.08,
645.08,
645.08,
645.08,
645.08,
645.07,
645.07,
645.07,
645.07,
645.07,
645.06,
645.06,
645.06,
645.06,
645.06,
645.06,
645.05,
645.05,
645.05,
645.05,
645.05,
645.05,
645.04,
645.04,
645.04,
645.04,
645.04,
645.04,
645.04,
645.03,
645.03,
645.03,
645.03,
645.03,
645.03,
645.03,
645.03,
645.03,
645.02,
645.02,
645.02,
645.02,
645.02,
645.02,
645.02,
645.02,
645.02,
645.02,
645.02,
645.02,
645.02,
645.01,
645.01,
645.01,
645.01,
645.01,
645.01,
645.01,
645.01,
645.01,
645.01,
645.01,
645.01,
645.01,
645.01,
645.01,
645.01,
645.01,
645.01,
645.01,
645.01,
645.01,
645.01,
645.01,
645.01,
645.01,
645.01,
645.01,
645.01,
645.01,
645.01,
645.01,
645.01,
645.01,
645.01,
645.01,
645.01,
645.01,
645.01,
645.01,
645.01,
645.01,
645.02,
645.02,
645.02,
645.02,
645.02,
645.02,
645.02,
645.02,
645.02,
645.02,
645.02,
645.02,
645.02,
645.03,
645.03,
645.03,
645.03,
645.03,
645.03,
645.03,
645.03,
645.03,
645.04,
645.04,
645.04,
645.04,
645.04,
645.04,
645.04,
645.04,
645.05,
645.05,
645.05,
645.05,
645.05,
645.05,
645.06,
645.06,
645.06,
645.06,
645.06,
645.06,
645.07,
645.07,
645.07,
645.07,
645.07,
645.07,
645.08,
645.08,
645.08,
645.08,
645.08,
645.09,
645.09,
645.09,
645.09,
645.09,
645.1,
645.1,
645.1,
645.1,
645.11,
645.11,
645.11,
645.11,
645.11,
645.12,
645.12,
645.12,
645.12,
645.13,
645.13,
645.13,
645.13,
645.14,
645.14,
645.14,
645.14,
645.15,
645.15,
645.15,
645.16,
645.16,
645.16,
645.16,
645.17,
645.17,
645.17,
645.17,
645.18,
645.18,
645.18,
645.19,
645.19,
645.19,
645.2,
645.2,
645.2,
645.21,
645.21,
645.21,
645.21,
645.22,
645.22,
645.22,
645.23,
645.23,
645.23,
645.24,
645.24,
645.24,
645.25,
645.25,
645.25,
645.26,
645.26,
645.27,
645.27,
645.27,
645.28,
645.28,
645.28,
645.29,
645.29,
645.29,
645.3,
645.3,
645.31,
645.31,
645.31,
645.32,
645.32,
645.32,
645.33,
645.33,
645.34,
645.34,
645.34,
645.35,
645.35,
645.36,
645.36,
645.36,
645.37,
645.37,
645.38,
645.38,
645.38,
645.39,
645.39,
645.4,
645.4,
645.41,
645.41,
645.41,
645.42,
645.42,
645.43,
645.43,
645.44,
645.44,
645.45,
645.45,
645.45,
645.46,
645.46,
645.47,
645.47,
645.48,
645.48,
645.49,
645.49,
645.5,
645.5,
645.5,
645.51,
645.51,
645.52,
645.52,
645.53,
645.53,
645.54,
645.54,
645.55,
645.55,
645.56,
645.56,
645.57,
645.57,
645.58,
645.58,
645.59,
645.59,
645.6,
645.6,
645.61,
645.61,
645.62,
645.62,
645.63,
645.63,
645.64,
645.64,
645.65,
645.65,
645.66,
645.66,
645.67,
645.67,
645.68,
645.68,
645.69,
645.7,
645.7,
645.71,
645.71,
645.72,
645.72,
645.73,
645.73,
645.74,
645.74,
645.75,
645.75,
645.76,
645.77,
645.77,
645.78,
645.78,
645.79,
645.79,
645.8,
645.8,
645.81,
645.82,
645.82,
645.83,
645.83,
645.84,
645.84,
645.85,
645.86,
645.86,
645.87,
645.87,
645.88,
645.88,
645.89,
645.9,
645.9,
645.91,
645.91,
645.92,
645.93,
645.93,
645.94,
645.94,
645.95,
645.95,
645.96,
645.97,
645.97,
645.98,
645.98,
645.99,
646.0,
646.0,
646.01,
646.01,
646.02,
646.03,
646.03,
646.04,
646.05,
646.05,
646.06,
646.06,
646.07,
646.08,
646.08,
646.09,
646.09,
646.1,
646.11,
646.11,
646.12,
646.13,
646.13,
646.14,
646.14,
646.15,
646.16,
646.16,
646.17,
646.18,
646.18,
646.19,
646.2,
646.2,
646.21,
646.21,
646.22,
646.23,
646.23,
646.24,
646.25,
646.25,
646.26,
646.27,
646.27,
646.28,
646.29,
646.29,
646.3,
646.3,
646.31,
646.32,
646.32,
646.33,
646.34,
646.34,
646.35,
646.36,
646.36,
646.37,
646.38,
646.38,
646.39,
646.4,
646.4,
646.41,
646.42,
646.42,
646.43,
646.44,
646.44,
646.45,
646.46,
646.46,
646.47,
646.48,
646.48,
646.49,
646.5,
646.5,
646.51,
646.52,
646.52,
646.53,
646.54,
646.54,
646.55,
646.56,
646.56,
646.57,
646.58,
646.58,
646.59,
646.6,
646.6,
646.61,
646.62,
646.63,
646.63,
646.64,
646.65,
646.65,
646.66,
646.67,
646.67,
646.68,
646.69,
646.69,
646.7,
646.71,
646.71,
646.72,
646.73,
646.73,
646.74,
646.75,
646.76,
646.76,
646.77,
646.78,
646.78,
646.79,
646.8,
646.8,
646.81,
646.82,
646.82,
646.83,
646.84,
646.85,
646.85,
646.86,
646.87,
646.87,
646.88,
646.89,
646.89,
646.9,
646.91,
646.91,
646.92,
646.93,
646.94,
646.94,
646.95,
646.96,
646.96,
646.97,
646.98,
646.98,
646.99,
647.0,
647.0,
647.01,
647.02,
647.03,
647.03,
647.04,
647.05,
647.05,
647.06,
647.07,
647.07,
647.08,
647.09,
647.09,
647.1,
647.11,
647.12,
647.12,
647.13,
647.14,
647.14,
647.15,
647.16,
647.16,
647.17,
647.18,
647.19,
647.19,
647.2,
647.21,
647.21,
647.22,
647.23,
647.23,
647.24,
647.25,
647.25,
647.26,
647.27,
647.27,
647.28,
647.29,
647.3,
647.3,
647.31,
647.32,
647.32,
647.33,
647.34,
647.34,
647.35,
647.36,
647.36,
647.37,
647.38,
647.39,
647.39,
647.4,
647.41,
647.41,
647.42,
647.43,
647.43,
647.44,
647.45,
647.45,
647.46,
647.47,
647.47,
647.48,
647.49,
647.49,
647.5,
647.51,
647.51,
647.52,
647.53,
647.53,
647.54,
647.55,
647.56,
647.56,
647.57,
647.58,
647.58,
647.59,
647.6,
647.6,
647.61,
647.62,
647.62,
647.63,
647.64,
647.64,
647.65,
647.66,
647.66,
647.67,
647.68,
647.68,
647.69,
647.7,
647.7,
647.71,
647.72,
647.72,
647.73,
647.73,
647.74,
647.75,
647.75,
647.76,
647.77,
647.77,
647.78,
647.79,
647.79,
647.8,
647.81,
647.81,
647.82,
647.83,
647.83,
647.84,
647.85,
647.85,
647.86,
647.86,
647.87,
647.88,
647.88,
647.89,
647.9,
647.9,
647.91,
647.92,
647.92,
647.93,
647.93,
647.94,
647.95,
647.95,
647.96,
647.97,
647.97,
647.98,
647.98,
647.99,
648.0,
648.0,
648.01,
648.02,
648.02,
648.03,
648.03,
648.04,
648.05,
648.05,
648.06,
648.06,
648.07,
648.08,
648.08,
648.09,
648.09,
648.1,
648.11,
648.11,
648.12,
648.12,
648.13,
648.14,
648.14,
648.15,
648.15,
648.16,
648.17,
648.17,
648.18,
648.18,
648.19,
648.2,
648.2,
648.21,
648.21,
648.22,
648.22,
648.23,
648.24,
648.24,
648.25,
648.25,
648.26,
648.26,
648.27,
648.28,
648.28,
648.29,
648.29,
648.3,
648.3,
648.31,
648.32,
648.32,
648.33,
648.33,
648.34,
648.34,
648.35,
648.35,
648.36,
648.36,
648.37,
648.38,
648.38,
648.39,
648.39,
648.4,
648.4,
648.41,
648.41,
648.42,
648.42,
648.43,
648.43,
648.44,
648.44,
648.45,
648.45,
648.46,
648.47,
648.47,
648.48,
648.48,
648.49,
648.49,
648.5,
648.5,
648.51,
648.51,
648.52,
648.52,
648.53,
648.53,
648.54,
648.54,
648.55,
648.55,
648.56,
648.56,
648.57,
648.57,
648.57,
648.58,
648.58,
648.59,
648.59,
648.6,
648.6,
648.61,
648.61,
648.62,
648.62,
648.63,
648.63,
648.64,
648.64,
648.64,
648.65,
648.65,
648.66,
648.66,
648.67,
648.67,
648.68,
648.68,
648.68,
648.69,
648.69,
648.7,
648.7,
648.71,
648.71,
648.71,
648.72,
648.72,
648.73,
648.73,
648.74,
648.74,
648.74,
648.75,
648.75,
648.76,
648.76,
648.76,
648.77,
648.77,
648.78,
648.78,
648.78,
648.79,
648.79,
648.8,
648.8,
648.8,
648.81,
648.81,
648.82,
648.82,
648.82,
648.83,
648.83,
648.83,
648.84,
648.84,
648.84,
648.85,
648.85,
648.86,
648.86,
648.86,
648.87,
648.87,
648.87,
648.88,
648.88,
648.88,
648.89,
648.89,
648.89,
648.9,
648.9,
648.9,
648.91,
648.91,
648.91,
648.92,
648.92,
648.92,
648.93,
648.93,
648.93,
648.93,
648.94,
648.94,
648.94,
648.95,
648.95,
648.95,
648.96,
648.96,
648.96,
648.96,
648.97,
648.97,
648.97,
648.97,
648.98,
648.98,
648.98,
648.99,
648.99,
648.99,
648.99,
649.0,
649.0,
649.0,
649.0,
649.01,
649.01,
649.01,
649.01,
649.02,
649.02,
649.02,
649.02,
649.03,
649.03,
649.03,
649.03,
649.03,
649.04,
649.04,
649.04,
649.04,
649.04,
649.05,
649.05,
649.05,
649.05,
649.05,
649.06,
649.06,
649.06,
649.06,
649.06,
649.07,
649.07,
649.07,
649.07,
649.07,
649.07,
649.08,
649.08,
649.08,
649.08,
649.08,
649.08,
649.09,
649.09,
649.09,
649.09,
649.09,
649.09,
649.09,
649.1,
649.1,
649.1,
649.1,
649.1,
649.1,
649.1,
649.1,
649.11,
649.11,
649.11,
649.11,
649.11,
649.11,
649.11,
649.11,
649.11,
649.12,
649.12,
649.12,
649.12,
649.12,
649.12,
649.12,
649.12,
649.12,
649.12,
649.12,
649.12,
649.12,
649.13,
649.13,
649.13,
649.13,
649.13,
649.13,
649.13,
649.13,
649.13,
649.13,
649.13,
649.13,
649.13,
649.13,
649.13,
649.13,
649.13,
649.13,
649.13,
649.13,
649.13,
649.13,
649.13,
649.13,
649.13,
649.13,
649.13,
649.13,
649.13,
649.13,
649.13,
649.13,
649.13,
649.13,
649.13,
649.13,
649.13,
649.13,
649.13,
649.13,
649.13,
649.13,
649.13,
649.13,
649.13,
649.13,
649.13,
649.12,
649.12,
649.12,
649.12,
649.12,
649.12,
649.12,
649.12,
649.12,
649.12,
649.12,
649.12,
649.11,
649.11,
649.11,
649.11,
649.11,
649.11,
649.11,
649.11,
649.11,
649.1,
649.1,
649.1,
649.1,
649.1,
649.1,
649.1,
649.1,
649.09,
649.09,
649.09,
649.09,
649.09,
649.09,
649.09,
649.08,
649.08,
649.08,
649.08,
649.08,
649.07,
649.07,
649.07,
649.07,
649.07,
649.07,
649.06,
649.06,
649.06,
649.06,
649.06,
649.05,
649.05,
649.05,
649.05,
649.05,
649.04,
649.04,
649.04,
649.04,
649.03,
649.03,
649.03,
649.03,
649.02,
649.02,
649.02,
649.02,
649.01,
649.01,
649.01,
649.01,
649.0,
649.0,
649.0,
649.0,
648.99,
648.99,
648.99,
648.98,
648.98,
648.98,
648.98,
648.97,
648.97,
648.97,
648.96,
648.96,
648.96,
648.95,
648.95,
648.95,
648.94,
648.94,
648.94,
648.93,
648.93,
648.93,
648.92,
648.92,
648.92,
648.91,
648.91,
648.91,
648.9,
648.9,
648.9,
648.89,
648.89,
648.89,
648.88,
648.88,
648.87,
648.87,
648.87,
648.86,
648.86,
648.85,
648.85,
648.85,
648.84,
648.84,
648.83,
648.83,
648.83,
648.82,
648.82,
648.81,
648.81,
648.8,
648.8,
648.8,
648.79,
648.79,
648.78,
648.78,
648.77,
648.77,
648.76,
648.76,
648.76,
648.75,
648.75,
648.74,
648.74,
648.73,
648.73,
648.72,
648.72,
648.71,
648.71,
648.7,
648.7,
648.69,
648.69,
648.68,
648.68,
648.67,
648.67,
648.66,
648.66,
648.65,
648.65,
648.64,
648.64,
648.63,
648.63,
648.62,
648.61,
648.61,
648.6,
648.6,
648.59,
648.59,
648.58,
648.58,
648.57,
648.56,
648.56,
648.55,
648.55,
648.54,
648.54,
648.53,
648.52,
648.52,
648.51,
648.51,
648.5,
648.49,
648.49,
648.48,
648.48,
648.47,
648.46,
648.46,
648.45,
648.44,
648.44,
648.43,
648.43,
648.42,
648.41,
648.41,
648.4,
648.39,
648.39,
648.38,
648.37,
648.37,
648.36,
648.35,
648.35,
648.34,
648.33,
648.33,
648.32,
648.31,
648.31,
648.3,
648.29,
648.29,
648.28,
648.27,
648.26,
648.26,
648.25,
648.24,
648.24,
648.23,
648.22,
648.21,
648.21,
648.2,
648.19,
648.19,
648.18,
648.17,
648.16,
648.16,
648.15,
648.14,
648.13,
648.13,
648.12,
648.11,
648.1,
648.09,
648.09,
648.08,
648.07,
648.06,
648.06,
648.05,
648.04,
648.03,
648.02,
648.02,
648.01,
648.0,
647.99,
647.98,
647.98,
647.97,
647.96,
647.95,
647.94,
647.94,
647.93,
647.92,
647.91,
647.9,
647.89,
647.89,
647.88,
647.87,
647.86,
647.85,
647.84,
647.83,
647.83,
647.82,
647.81,
647.8,
647.79,
647.78,
647.77,
647.76,
647.76,
647.75,
647.74,
647.73,
647.72,
647.71,
647.7,
647.69,
647.68,
647.67,
647.67,
647.66,
647.65,
647.64,
647.63,
647.62,
647.61,
647.6,
647.59,
647.58,
647.57,
647.56,
647.55,
647.55,
647.54,
647.53,
647.52,
647.51,
647.5,
647.49,
647.48,
647.47,
647.46,
647.45,
647.44,
647.43,
647.42,
647.41,
647.4,
647.39,
647.38,
647.37,
647.36,
647.35,
647.34,
647.33,
647.32,
647.31,
647.3,
647.29,
647.28,
647.27,
647.26,
647.25,
647.24,
647.23,
647.22,
647.21,
647.2,
647.19,
647.18,
647.17,
647.16,
647.15,
647.14,
647.13,
647.11,
647.1,
647.09,
647.08,
647.07,
647.06,
647.05,
647.04,
647.03,
647.02,
647.01,
647.0,
646.99,
646.97,
646.96,
646.95,
646.94,
646.93,
646.92,
646.91,
646.9,
646.89,
646.88,
646.86,
646.85,
646.84,
646.83,
646.82,
646.81,
646.8,
646.79,
646.77,
646.76,
646.75,
646.74,
646.73,
646.72,
646.71,
646.69,
646.68,
646.67,
646.66,
646.65,
646.64,
646.63,
646.61,
646.6,
646.59,
646.58,
646.57,
646.56,
646.54,
646.53,
646.52,
646.51,
646.5,
646.48,
646.47,
646.46,
646.45,
646.44,
646.42,
646.41,
646.4,
646.39,
646.38,
646.36,
646.35,
646.34,
646.33,
646.31,
646.3,
646.29,
646.28,
646.27,
646.25,
646.24,
646.23,
646.22,
646.2,
646.19,
646.18,
646.17,
646.15,
646.14,
646.13,
646.12,
646.1,
646.09,
646.08,
646.07,
646.05,
646.04,
646.03,
646.01,
646.0,
645.99,
645.98,
645.96,
645.95,
645.94,
645.92,
645.91,
645.9,
645.89,
645.87,
645.86,
645.85,
645.83,
645.82,
645.81,
645.79,
645.78,
645.77,
645.76,
645.74,
645.73,
645.72,
645.7,
645.69,
645.68,
645.66,
645.65,
645.64,
645.62,
645.61,
645.6,
645.58,
645.57,
645.56,
645.54,
645.53,
645.51,
645.5,
645.49,
645.47,
645.46,
645.45,
645.43,
645.42,
645.41,
645.39,
645.38,
645.36,
645.35,
645.34,
645.32,
645.31,
645.3,
645.28,
645.27,
645.25,
645.24,
645.23,
645.21,
645.2,
645.18,
645.17,
645.16,
645.14,
645.13,
645.11,
645.1,
645.09,
645.07,
645.06,
645.04,
645.03,
645.02,
645.0,
644.99,
644.97,
644.96,
644.94,
644.93,
644.92,
644.9,
644.89,
644.87,
644.86,
644.84,
644.83,
644.81,
644.8,
644.79,
644.77,
644.76,
644.74,
644.73,
644.71,
644.7,
644.68,
644.67,
644.66,
644.64,
644.63,
644.61,
644.6,
644.58,
644.57,
644.55,
644.54,
644.52,
644.51,
644.49,
644.48,
644.46,
644.45,
644.43,
644.42,
644.4,
644.39,
644.38,
644.36,
644.35,
644.33,
644.32,
644.3,
644.29,
644.27,
644.26,
644.24,
644.23,
644.21,
644.2,
644.18,
644.17,
644.15,
644.13,
644.12,
644.1,
644.09,
644.07,
644.06,
644.04,
644.03,
644.01,
644.0,
643.98,
643.97,
643.95,
643.94,
643.92,
643.91,
643.89,
643.88,
643.86,
643.85,
643.83,
643.81,
643.8,
643.78,
643.77,
643.75,
643.74,
643.72,
643.71,
643.69,
643.68,
643.66,
643.64,
643.63,
643.61,
643.6,
643.58,
643.57,
643.55,
643.54,
643.52,
643.5,
643.49,
643.47,
643.46,
643.44,
643.43,
643.41,
643.4,
643.38,
643.36,
643.35,
643.33,
643.32,
643.3,
643.29,
643.27,
643.25,
643.24,
643.22,
643.21,
643.19,
643.18,
643.16,
643.14,
643.13,
643.11,
643.1,
643.08,
643.06,
643.05,
643.03,
643.02,
643.0,
642.98,
642.97,
642.95,
642.94,
642.92,
642.91,
642.89,
642.87,
642.86,
642.84,
642.83,
642.81,
642.79,
642.78,
642.76,
642.75,
642.73,
642.71,
642.7,
642.68,
642.67,
642.65,
642.63,
642.62,
642.6,
642.58,
642.57,
642.55,
642.54,
642.52,
642.5,
642.49,
642.47,
642.46,
642.44,
642.42,
642.41,
642.39,
642.38,
642.36,
642.34,
642.33,
642.31,
642.29,
642.28,
642.26,
642.25,
642.23,
642.21,
642.2,
642.18,
642.16,
642.15,
642.13,
642.12,
642.1,
642.08,
642.07,
642.05,
642.03,
642.02,
642.0,
641.99,
641.97,
641.95,
641.94,
641.92,
641.9,
641.89,
641.87,
641.86,
641.84,
641.82,
641.81,
641.79,
641.77,
641.76,
641.74,
641.73,
641.71,
641.69,
641.68,
641.66,
641.64,
641.63,
641.61,
641.59,
641.58,
641.56,
641.55,
641.53,
641.51,
641.5,
641.48,
641.46,
641.45,
641.43,
641.42,
641.4,
641.38,
641.37,
641.35,
641.33,
641.32,
641.3,
641.28,
641.27,
641.25,
641.24,
641.22,
641.2,
641.19,
641.17,
641.15,
641.14,
641.12,
641.1,
641.09,
641.07,
641.06,
641.04,
641.02,
641.01,
640.99,
640.97,
640.96,
640.94,
640.93,
640.91,
640.89,
640.88,
640.86,
640.84,
640.83,
640.81,
640.79,
640.78,
640.76,
640.75,
640.73,
640.71,
640.7,
640.68,
640.66,
640.65,
640.63,
640.62,
640.6,
640.58,
640.57,
640.55,
640.53,
640.52,
640.5,
640.49,
640.47,
640.45,
640.44,
640.42,
640.4,
640.39,
640.37,
640.36,
640.34,
640.32,
640.31,
640.29,
640.28,
640.26,
640.24,
640.23,
640.21,
640.19,
640.18,
640.16,
640.15,
640.13,
640.11,
640.1,
640.08,
640.07,
640.05,
640.03,
640.02,
640.0,
639.99,
639.97,
639.95,
639.94,
639.92,
639.91,
639.89,
639.87,
639.86,
639.84,
639.82,
639.81,
639.79,
639.78,
639.76,
639.75,
639.73,
639.71,
639.7,
639.68,
639.67,
639.65,
639.63,
639.62,
639.6,
639.59,
639.57,
639.55,
639.54,
639.52,
639.51,
639.49,
639.48,
639.46,
639.44,
639.43,
639.41,
639.4,
639.38,
639.36,
639.35,
639.33,
639.32,
639.3,
639.29,
639.27,
639.26,
639.24,
639.22,
639.21,
639.19,
639.18,
639.16,
639.15,
639.13,
639.11,
639.1,
639.08,
639.07,
639.05,
639.04,
639.02,
639.01,
638.99,
638.98,
638.96,
638.94,
638.93,
638.91,
638.9,
638.88,
638.87,
638.85,
638.84,
638.82,
638.81,
638.79,
638.78,
638.76,
638.74,
638.73,
638.71,
638.7,
638.68,
638.67,
638.65,
638.64,
638.62,
638.61,
638.59,
638.58,
638.56,
638.55,
638.53,
638.52,
638.5,
638.49,
638.47,
638.46,
638.44,
638.43,
638.41,
638.4,
638.38,
638.37,
638.35,
638.34,
638.32,
638.31,
638.29,
638.28,
638.26,
638.25,
638.23,
638.22,
638.21,
638.19,
638.18,
638.16,
638.15,
638.13,
638.12,
638.1,
638.09,
638.07,
638.06,
638.04,
638.03,
638.02,
638.0,
637.99,
637.97,
637.96,
637.94,
637.93,
637.91,
637.9,
637.89,
637.87,
637.86,
637.84,
637.83,
637.81,
637.8,
637.79,
637.77,
637.76,
637.74,
637.73,
637.71,
637.7,
637.69,
637.67,
637.66,
637.64,
637.63,
637.62,
637.6,
637.59,
637.57,
637.56,
637.55,
637.53,
637.52,
637.51,
637.49,
637.48,
637.46,
637.45,
637.44,
637.42,
637.41,
637.4,
637.38,
637.37,
637.36,
637.34,
637.33,
637.31,
637.3,
637.29,
637.27,
637.26,
637.25,
637.23,
637.22,
637.21,
637.19,
637.18,
637.17,
637.15,
637.14,
637.13,
637.11,
637.1,
637.09,
637.08,
637.06,
637.05,
637.04,
637.02,
637.01,
637.0,
636.98,
636.97,
636.96,
636.95,
636.93,
636.92,
636.91,
636.89,
636.88,
636.87,
636.86,
636.84,
636.83,
636.82,
636.81,
636.79,
636.78,
636.77,
636.76,
636.74,
636.73,
636.72,
636.71,
636.69,
636.68,
636.67,
636.66,
636.64,
636.63,
636.62,
636.61,
636.59,
636.58,
636.57,
636.56,
636.55,
636.53,
636.52,
636.51,
636.5,
636.49,
636.47,
636.46,
636.45,
636.44,
636.43,
636.42,
636.4,
636.39,
636.38,
636.37,
636.36,
636.35,
636.33,
636.32,
636.31,
636.3,
636.29,
636.28,
636.26,
636.25,
636.24,
636.23,
636.22,
636.21,
636.2,
636.19,
636.17,
636.16,
636.15,
636.14,
636.13,
636.12,
636.11,
636.1,
636.09,
636.08,
636.06,
636.05,
636.04,
636.03,
636.02,
636.01,
636.0,
635.99,
635.98,
635.97,
635.96,
635.95,
635.94,
635.93,
635.92,
635.9,
635.89,
635.88,
635.87,
635.86,
635.85,
635.84,
635.83,
635.82,
635.81,
635.8,
635.79,
635.78,
635.77,
635.76,
635.75,
635.74,
635.73,
635.72,
635.71,
635.7,
635.69,
635.68,
635.67,
635.66,
635.65,
635.64,
635.63,
635.63,
635.62,
635.61,
635.6,
635.59,
635.58,
635.57,
635.56,
635.55,
635.54,
635.53,
635.52,
635.51,
635.5,
635.5,
635.49,
635.48,
635.47,
635.46,
635.45,
635.44,
635.43,
635.42,
635.42,
635.41,
635.4,
635.39,
635.38,
635.37,
635.36,
635.35,
635.35,
635.34,
635.33,
635.32,
635.31,
635.3,
635.3,
635.29,
635.28,
635.27,
635.26,
635.26,
635.25,
635.24,
635.23,
635.22,
635.22,
635.21,
635.2,
635.19,
635.18,
635.18,
635.17,
635.16,
635.15,
635.15,
635.14,
635.13,
635.12,
635.12,
635.11,
635.1,
635.09,
635.09,
635.08,
635.07,
635.06,
635.06,
635.05,
635.04,
635.04,
635.03,
635.02,
635.01,
635.01,
635.0,
634.99,
634.99,
634.98,
634.97,
634.97,
634.96,
634.95,
634.95,
634.94,
634.93,
634.93,
634.92,
634.92,
634.91,
634.9,
634.9,
634.89,
634.88,
634.88,
634.87,
634.87,
634.86,
634.85,
634.85,
634.84,
634.84,
634.83,
634.82,
634.82,
634.81,
634.81,
634.8,
634.8,
634.79,
634.79,
634.78,
634.77,
634.77,
634.76,
634.76,
634.75,
634.75,
634.74,
634.74,
634.73,
634.73,
634.72,
634.72,
634.71,
634.71,
634.7,
634.7,
634.69,
634.69,
634.68,
634.68,
634.67,
634.67,
634.66,
634.66,
634.66,
634.65,
634.65,
634.64,
634.64,
634.63,
634.63,
634.63,
634.62,
634.62,
634.61,
634.61,
634.61,
634.6,
634.6,
634.59,
634.59,
634.59,
634.58,
634.58,
634.58,
634.57,
634.57,
634.57,
634.56,
634.56,
634.55,
634.55,
634.55,
634.54,
634.54,
634.54,
634.54,
634.53,
634.53,
634.53,
634.52,
634.52,
634.52,
634.51,
634.51,
634.51,
634.51,
634.5,
634.5,
634.5,
634.5,
634.49,
634.49,
634.49,
634.49,
634.48,
634.48,
634.48,
634.48,
634.48,
634.47,
634.47,
634.47,
634.47,
634.47,
634.46,
634.46,
634.46,
634.46,
634.46,
634.46,
634.45,
634.45,
634.45,
634.45,
634.45,
634.45,
634.45,
634.44,
634.44,
634.44,
634.44,
634.44,
634.44,
634.44,
634.44,
634.44,
634.43,
634.43,
634.43,
634.43,
634.43,
634.43,
634.43,
634.43,
634.43,
634.43,
634.43,
634.43,
634.43,
634.43,
634.43,
634.43,
634.43,
634.43,
634.43,
634.43,
634.43,
634.43,
634.43,
634.43,
634.43,
634.43,
634.43,
634.43,
634.43,
634.43,
634.43,
634.43,
634.43,
634.43,
634.43,
634.43,
634.43,
634.43,
634.43,
634.43,
634.44,
634.44,
634.44,
634.44,
634.44,
634.44,
634.44,
634.44,
634.45,
634.45,
634.45,
634.45,
634.45,
634.45,
634.45,
634.46,
634.46,
634.46,
634.46,
634.46,
634.46,
634.47,
634.47,
634.47,
634.47,
634.47,
634.48,
634.48,
634.48,
634.48,
634.49,
634.49,
634.49,
634.49,
634.5,
634.5,
634.5,
634.5,
634.51,
634.51,
634.51,
634.51,
634.52,
634.52,
634.52,
634.53,
634.53,
634.53,
634.54,
634.54,
634.54,
634.55,
634.55,
634.55,
634.56,
634.56,
634.56,
634.57,
634.57,
634.57,
634.58,
634.58,
634.59,
634.59,
634.59,
634.6,
634.6,
634.6,
634.61,
634.61,
634.62,
634.62,
634.63,
634.63,
634.63,
634.64,
634.64,
634.65,
634.65,
634.66,
634.66,
634.67,
634.67,
634.68,
634.68,
634.69,
634.69,
634.7,
634.7,
634.71,
634.71,
634.72,
634.72,
634.73,
634.73,
634.74,
634.74,
634.75,
634.76,
634.76,
634.77,
634.77,
634.78,
634.78,
634.79,
634.8,
634.8,
634.81,
634.81,
634.82,
634.83,
634.83,
634.84,
634.84,
634.85,
634.86,
634.86,
634.87,
634.88,
634.88,
634.89,
634.9,
634.9,
634.91,
634.92,
634.92,
634.93,
634.94,
634.94,
634.95,
634.96,
634.97,
634.97,
634.98,
634.99,
635.0,
635.0,
635.01,
635.02,
635.03,
635.03,
635.04,
635.05,
635.06,
635.06,
635.07,
635.08,
635.09,
635.1,
635.1,
635.11,
635.12,
635.13,
635.14,
635.14,
635.15,
635.16,
635.17,
635.18,
635.19,
635.19,
635.2,
635.21,
635.22,
635.23,
635.24,
635.25,
635.26,
635.27,
635.27,
635.28,
635.29,
635.3,
635.31,
635.32,
635.33,
635.34,
635.35,
635.36,
635.37,
635.38,
635.39,
635.4,
635.41,
635.42,
635.42,
635.43,
635.44,
635.45,
635.46,
635.47,
635.48,
635.49,
635.5,
635.52,
635.53,
635.54,
635.55,
635.56,
635.57,
635.58,
635.59,
635.6,
635.61,
635.62,
635.63,
635.64,
635.65,
635.66,
635.67,
635.68,
635.7,
635.71,
635.72,
635.73,
635.74,
635.75,
635.76,
635.77,
635.79,
635.8,
635.81,
635.82,
635.83,
635.84,
635.86,
635.87,
635.88,
635.89,
635.9,
635.91,
635.93,
635.94,
635.95,
635.96,
635.98,
635.99,
636.0,
636.01,
636.02,
636.04,
636.05,
636.06,
636.07,
636.09,
636.1,
636.11,
636.13,
636.14,
636.15,
636.16,
636.18,
636.19,
636.2,
636.22,
636.23,
636.24,
636.26,
636.27,
636.28,
636.3,
636.31,
636.32,
636.34,
636.35,
636.36,
636.38,
636.39,
636.4,
636.42,
636.43,
636.45,
636.46,
636.47,
636.49,
636.5,
636.52,
636.53,
636.54,
636.56,
636.57,
636.59,
636.6,
636.62,
636.63,
636.64,
636.66,
636.67,
636.69,
636.7,
636.72,
636.73,
636.75,
636.76,
636.78,
636.79,
636.81,
636.82,
636.84,
636.85,
636.87,
636.88,
636.9,
636.91,
636.93,
636.95,
636.96,
636.98,
636.99,
637.01,
637.02,
637.04,
637.06,
637.07,
637.09,
637.1,
637.12,
637.13,
637.15,
637.17,
637.18,
637.2,
637.22,
637.23,
637.25,
637.26,
637.28,
637.3,
637.31,
637.33,
637.35,
637.36,
637.38,
637.4,
637.41,
637.43,
637.45,
637.47,
637.48,
637.5,
637.52,
637.53,
637.55,
637.57,
637.58,
637.6,
637.62,
637.64,
637.65,
637.67,
637.69,
637.71,
637.72,
637.74,
637.76,
637.78,
637.8,
637.81,
637.83,
637.85,
637.87,
637.88,
637.9,
637.92,
637.94,
637.96,
637.98,
637.99,
638.01,
638.03,
638.05,
638.07,
638.09,
638.1,
638.12,
638.14,
638.16,
638.18,
638.2,
638.22,
638.24,
638.25,
638.27,
638.29,
638.31,
638.33,
638.35,
638.37,
638.39,
638.41,
638.43,
638.45,
638.46,
638.48,
638.5,
638.52,
638.54,
638.56,
638.58,
638.6,
638.62,
638.64,
638.66,
638.68,
638.7,
638.72,
638.74,
638.76,
638.78,
638.8,
638.82,
638.84,
638.86,
638.88,
638.9,
638.92,
638.94,
638.96,
638.98,
639.0,
639.02,
639.04,
639.07,
639.09,
639.11,
639.13,
639.15,
639.17,
639.19,
639.21,
639.23,
639.25,
639.27,
639.29,
639.32,
639.34,
639.36,
639.38,
639.4,
639.42,
639.44,
639.46,
639.49,
639.51,
639.53,
639.55,
639.57,
639.59,
639.62,
639.64,
639.66,
639.68,
639.7,
639.72,
639.75,
639.77,
639.79,
639.81,
639.83,
639.86,
639.88,
639.9,
639.92,
639.95,
639.97,
639.99,
640.01,
640.03,
640.06,
640.08,
640.1,
640.12,
640.15,
640.17,
640.19,
640.22,
640.24,
640.26,
640.28,
640.31,
640.33,
640.35,
640.38,
640.4,
640.42,
640.44,
640.47,
640.49,
640.51,
640.54,
640.56,
640.58,
640.61,
640.63,
640.65,
640.68,
640.7,
640.72,
640.75,
640.77,
640.8,
640.82,
640.84,
640.87,
640.89,
640.91,
640.94,
640.96,
640.99,
641.01,
641.03,
641.06,
641.08,
641.11,
641.13,
641.15,
641.18,
641.2,
641.23,
641.25,
641.28,
641.3,
641.33,
641.35,
641.37,
641.4,
641.42,
641.45,
641.47,
641.5,
641.52,
641.55,
641.57,
641.6,
641.62,
641.65,
641.67,
641.7,
641.72,
641.75,
641.77,
641.8,
641.82,
641.85,
641.87,
641.9,
641.92,
641.95,
641.97,
642.0,
642.02,
642.05,
642.07,
642.1,
642.13,
642.15,
642.18,
642.2,
642.23,
642.25,
642.28,
642.31,
642.33,
642.36,
642.38,
642.41,
642.43,
642.46,
642.49,
642.51,
642.54,
642.56,
642.59,
642.62,
642.64,
642.67,
642.7,
642.72,
642.75,
642.77,
642.8,
642.83,
642.85,
642.88,
642.91,
642.93,
642.96,
642.99,
643.01,
643.04,
643.07,
643.09,
643.12,
643.15,
643.17,
643.2,
643.23,
643.25,
643.28,
643.31,
643.33,
643.36,
643.39,
643.42,
643.44,
643.47,
643.5,
643.52,
643.55,
643.58,
643.61,
643.63,
643.66,
643.69,
643.71,
643.74,
643.77,
643.8,
643.82,
643.85,
643.88,
643.91,
643.93,
643.96,
643.99,
644.02,
644.05,
644.07,
644.1,
644.13,
644.16,
644.18,
644.21,
644.24,
644.27,
644.3,
644.32,
644.35,
644.38,
644.41,
644.44,
644.46,
644.49,
644.52,
644.55,
644.58,
644.6,
644.63,
644.66,
644.69,
644.72,
644.75,
644.77,
644.8,
644.83,
644.86,
644.89,
644.92,
644.95,
644.97,
645.0,
645.03,
645.06,
645.09,
645.12,
645.15,
645.17,
645.2,
645.23,
645.26,
645.29,
645.32,
645.35,
645.38,
645.4,
645.43,
645.46,
645.49,
645.52,
645.55,
645.58,
645.61,
645.64,
645.67,
645.7,
645.72,
645.75,
645.78,
645.81,
645.84,
645.87,
645.9,
645.93,
645.96,
645.99,
646.02,
646.05,
646.08,
646.11,
646.13,
646.16,
646.19,
646.22,
646.25,
646.28,
646.31,
646.34,
646.37,
646.4,
646.43,
646.46,
646.49,
646.52,
646.55,
646.58,
646.61,
646.64,
646.67,
646.7,
646.73,
646.76,
646.79,
646.82,
646.85,
646.88,
646.91,
646.94,
646.97,
647.0,
647.03,
647.06,
647.09,
647.12,
647.15,
647.18,
647.21,
647.24,
647.27,
647.3,
647.33,
647.36,
647.39,
647.42,
647.45,
647.48,
647.51,
647.54,
647.57,
647.6,
647.63,
647.66,
647.69,
647.72,
647.75,
647.78,
647.81,
647.84,
647.87,
647.91,
647.94,
647.97,
648.0,
648.03,
648.06,
648.09,
648.12,
648.15,
648.18,
648.21,
648.24,
648.27,
648.3,
648.33,
648.36,
648.4,
648.43,
648.46,
648.49,
648.52,
648.55,
648.58,
648.61,
648.64,
648.67,
648.7,
648.73,
648.76,
648.8,
648.83,
648.86,
648.89,
648.92,
648.95,
648.98,
649.01,
649.04,
649.07,
649.11,
649.14,
649.17,
649.2,
649.23,
649.26,
649.29,
649.32,
649.35,
649.39,
649.42,
649.45,
649.48,
649.51,
649.54,
649.57,
649.6,
649.63,
649.67,
649.7,
649.73,
649.76,
649.79,
649.82,
649.85,
649.88,
649.92,
649.95,
649.98,
650.01,
650.04,
650.07,
650.1,
650.13,
650.17,
650.2,
650.23,
650.26,
650.29,
650.32,
650.35,
650.39,
650.42,
650.45,
650.48,
650.51,
650.54,
650.57,
650.61,
650.64,
650.67,
650.7,
650.73,
650.76,
650.79,
650.83,
650.86,
650.89,
650.92,
650.95,
650.98,
651.01,
651.05,
651.08,
651.11,
651.14,
651.17,
651.2,
651.24,
651.27,
651.3,
651.33,
651.36,
651.39,
651.43,
651.46,
651.49,
651.52,
651.55,
651.58,
651.61,
651.65,
651.68,
651.71,
651.74,
651.77,
651.8,
651.84,
651.87,
651.9,
651.93,
651.96,
651.99,
652.03,
652.06,
652.09,
652.12,
652.15,
652.18,
652.22,
652.25,
652.28,
652.31,
652.34,
652.37,
652.41,
652.44,
652.47,
652.5,
652.53,
652.56,
652.6,
652.63,
652.66,
652.69,
652.72,
652.75,
652.79,
652.82,
652.85,
652.88,
652.91,
652.94,
652.98,
653.01,
653.04,
653.07,
653.1,
653.13,
653.17,
653.2,
653.23,
653.26,
653.29,
653.32,
653.35,
653.39,
653.42,
653.45,
653.48,
653.51,
653.54,
653.58,
653.61,
653.64,
653.67,
653.7,
653.73,
653.77,
653.8,
653.83,
653.86,
653.89,
653.92,
653.96,
653.99,
654.02,
654.05,
654.08,
654.11,
654.14,
654.18,
654.21,
654.24,
654.27,
654.3,
654.33,
654.37,
654.4,
654.43,
654.46,
654.49,
654.52,
654.55,
654.59,
654.62,
654.65,
654.68,
654.71,
654.74,
654.77,
654.81,
654.84,
654.87,
654.9,
654.93,
654.96,
654.99,
655.03,
655.06,
655.09,
655.12,
655.15,
655.18,
655.21,
655.24,
655.28,
655.31,
655.34,
655.37,
655.4,
655.43,
655.46,
655.49,
655.53,
655.56,
655.59,
655.62,
655.65,
655.68,
655.71,
655.74,
655.77,
655.81,
655.84,
655.87,
655.9,
655.93,
655.96,
655.99,
656.02,
656.05,
656.09,
656.12,
656.15,
656.18,
656.21,
656.24,
656.27,
656.3,
656.33,
656.36,
656.4,
656.43,
656.46,
656.49,
656.52,
656.55,
656.58,
656.61,
656.64,
656.67,
656.7,
656.73,
656.77,
656.8,
656.83,
656.86,
656.89,
656.92,
656.95,
656.98,
657.01,
657.04,
657.07,
657.1,
657.13,
657.16,
657.19,
657.23,
657.26,
657.29,
657.32,
657.35,
657.38,
657.41,
657.44,
657.47,
657.5,
657.53,
657.56,
657.59,
657.62,
657.65,
657.68,
657.71,
657.74,
657.77,
657.8,
657.83,
657.86,
657.89,
657.92,
657.95,
657.98,
658.01,
658.04,
658.07,
658.1,
658.13,
658.16,
658.19,
658.22,
658.25,
658.28,
658.31,
658.34,
658.37,
658.4,
658.43,
658.46,
658.49,
658.52,
658.55,
658.58,
658.61,
658.64,
658.67,
658.7,
658.73,
658.76,
658.79,
658.82,
658.85,
658.88,
658.91,
658.94,
658.97,
659.0,
659.03,
659.06,
659.09,
659.12,
659.14,
659.17,
659.2,
659.23,
659.26,
659.29,
659.32,
659.35,
659.38,
659.41,
659.44,
659.47,
659.5,
659.52,
659.55,
659.58,
659.61,
659.64,
659.67,
659.7,
659.73,
659.76,
659.79,
659.81,
659.84,
659.87,
659.9,
659.93,
659.96,
659.99,
660.02,
660.04,
660.07,
660.1,
660.13,
660.16,
660.19,
660.22,
660.24,
660.27,
660.3,
660.33,
660.36,
660.39,
660.42,
660.44,
660.47,
660.5,
660.53,
660.56,
660.59,
660.61,
660.64,
660.67,
660.7,
660.73,
660.75,
660.78,
660.81,
660.84,
660.87,
660.89,
660.92,
660.95,
660.98,
661.01,
661.03,
661.06,
661.09,
661.12,
661.14,
661.17,
661.2,
661.23,
661.25,
661.28,
661.31,
661.34,
661.36,
661.39,
661.42,
661.45,
661.47,
661.5,
661.53,
661.56,
661.58,
661.61,
661.64,
661.66,
661.69,
661.72,
661.75,
661.77,
661.8,
661.83,
661.85,
661.88,
661.91,
661.93,
661.96,
661.99,
662.01,
662.04,
662.07,
662.09,
662.12,
662.15,
662.17,
662.2,
662.23,
662.25,
662.28,
662.31,
662.33,
662.36,
662.39,
662.41,
662.44,
662.46,
662.49,
662.52,
662.54,
662.57,
662.6,
662.62,
662.65,
662.67,
662.7,
662.73,
662.75,
662.78,
662.8,
662.83,
662.85,
662.88,
662.91,
662.93,
662.96,
662.98,
663.01,
663.03,
663.06,
663.08,
663.11,
663.14,
663.16,
663.19,
663.21,
663.24,
663.26,
663.29,
663.31,
663.34,
663.36,
663.39,
663.41,
663.44,
663.46,
663.49,
663.51,
663.54,
663.56,
663.59,
663.61,
663.64,
663.66,
663.68,
663.71,
663.73,
663.76,
663.78,
663.81,
663.83,
663.86,
663.88,
663.9,
663.93,
663.95,
663.98,
664.0,
664.03,
664.05,
664.07,
664.1,
664.12,
664.15,
664.17,
664.19,
664.22,
664.24,
664.26,
664.29,
664.31,
664.34,
664.36,
664.38,
664.41,
664.43,
664.45,
664.48,
664.5,
664.52,
664.55,
664.57,
664.59,
664.62,
664.64,
664.66,
664.69,
664.71,
664.73,
664.75,
664.78,
664.8,
664.82,
664.85,
664.87,
664.89,
664.91,
664.94,
664.96,
664.98,
665.0,
665.03,
665.05,
665.07,
665.09,
665.12,
665.14,
665.16,
665.18,
665.2,
665.23,
665.25,
665.27,
665.29,
665.31,
665.34,
665.36,
665.38,
665.4,
665.42,
665.45,
665.47,
665.49,
665.51,
665.53,
665.55,
665.57,
665.6,
665.62,
665.64,
665.66,
665.68,
665.7,
665.72,
665.74,
665.77,
665.79,
665.81,
665.83,
665.85,
665.87,
665.89,
665.91,
665.93,
665.95,
665.97,
665.99,
666.02,
666.04,
666.06,
666.08,
666.1,
666.12,
666.14,
666.16,
666.18,
666.2,
666.22,
666.24,
666.26,
666.28,
666.3,
666.32,
666.34,
666.36,
666.38,
666.4,
666.42,
666.44,
666.46,
666.48,
666.5,
666.52,
666.53,
666.55,
666.57,
666.59,
666.61,
666.63,
666.65,
666.67,
666.69,
666.71,
666.73,
666.75,
666.76,
666.78,
666.8,
666.82,
666.84,
666.86,
666.88,
666.9,
666.91,
666.93,
666.95,
666.97,
666.99,
667.01,
667.02,
667.04,
667.06,
667.08,
667.1,
667.11,
667.13,
667.15,
667.17,
667.19,
667.2,
667.22,
667.24,
667.26,
667.27,
667.29,
667.31,
667.33,
667.34,
667.36,
667.38,
667.4,
667.41,
667.43,
667.45,
667.47,
667.48,
667.5,
667.52,
667.53,
667.55,
667.57,
667.58,
667.6,
667.62,
667.63,
667.65,
667.67,
667.68,
667.7,
667.72,
667.73,
667.75,
667.76,
667.78,
667.8,
667.81,
667.83,
667.85,
667.86,
667.88,
667.89,
667.91,
667.92,
667.94,
667.96,
667.97,
667.99,
668.0,
668.02,
668.03,
668.05,
668.06,
668.08,
668.09,
668.11,
668.13,
668.14,
668.16,
668.17,
668.19,
668.2,
668.22,
668.23,
668.24,
668.26,
668.27,
668.29,
668.3,
668.32,
668.33,
668.35,
668.36,
668.38,
668.39,
668.4,
668.42,
668.43,
668.45,
668.46,
668.47,
668.49,
668.5,
668.52,
668.53,
668.54,
668.56,
668.57,
668.58,
668.6,
668.61,
668.62,
668.64,
668.65,
668.66,
668.68,
668.69,
668.7,
668.72,
668.73,
668.74,
668.76,
668.77,
668.78,
668.79,
668.81,
668.82,
668.83,
668.84,
668.86,
668.87,
668.88,
668.89,
668.91,
668.92,
668.93,
668.94,
668.95,
668.97,
668.98,
668.99,
669.0,
669.01,
669.03,
669.04,
669.05,
669.06,
669.07,
669.08,
669.1,
669.11,
669.12,
669.13,
669.14,
669.15,
669.16,
669.17,
669.19,
669.2,
669.21,
669.22,
669.23,
669.24,
669.25,
669.26,
669.27,
669.28,
669.29,
669.3,
669.31,
669.32,
669.33,
669.35,
669.36,
669.37,
669.38,
669.39,
669.4,
669.41,
669.42,
669.43,
669.44,
669.45,
669.45,
669.46,
669.47,
669.48,
669.49,
669.5,
669.51,
669.52,
669.53,
669.54,
669.55,
669.56,
669.57,
669.58,
669.59,
669.59,
669.6,
669.61,
669.62,
669.63,
669.64,
669.65,
669.66,
669.66,
669.67,
669.68,
669.69,
669.7,
669.71,
669.71,
669.72,
669.73,
669.74,
669.75,
669.75,
669.76,
669.77,
669.78,
669.79,
669.79,
669.8,
669.81,
669.82,
669.82,
669.83,
669.84,
669.84,
669.85,
669.86,
669.87,
669.87,
669.88,
669.89,
669.89,
669.9,
669.91,
669.91,
669.92,
669.93,
669.93,
669.94,
669.95,
669.95,
669.96,
669.97,
669.97,
669.98,
669.99,
669.99,
670.0,
670.0,
670.01,
670.02,
670.02,
670.03,
670.03,
670.04,
670.04,
670.05,
670.06,
670.06,
670.07,
670.07,
670.08,
670.08,
670.09,
670.09,
670.1,
670.1,
670.11,
670.11,
670.12,
670.12,
670.13,
670.13,
670.14,
670.14,
670.15,
670.15,
670.16,
670.16,
670.16,
670.17,
670.17,
670.18,
670.18,
670.19,
670.19,
670.19,
670.2,
670.2,
670.21,
670.21,
670.21,
670.22,
670.22,
670.22,
670.23,
670.23,
670.23,
670.24,
670.24,
670.24,
670.25,
670.25,
670.25,
670.26,
670.26,
670.26,
670.27,
670.27,
670.27,
670.27,
670.28,
670.28,
670.28,
670.28,
670.29,
670.29,
670.29,
670.29,
670.3,
670.3,
670.3,
670.3,
670.3,
670.31,
670.31,
670.31,
670.31,
670.31,
670.32,
670.32,
670.32,
670.32,
670.32,
670.32,
670.32,
670.33,
670.33,
670.33,
670.33,
670.33,
670.33,
670.33,
670.33,
670.33,
670.34,
670.34,
670.34,
670.34,
670.34,
670.34,
670.34,
670.34,
670.34,
670.34,
670.34,
670.34,
670.34,
670.34,
670.34,
670.34,
670.34,
670.34,
670.34,
670.34,
670.34,
670.34,
670.34,
670.34,
670.34,
670.34,
670.34,
670.34,
670.34,
670.34,
670.34,
670.34,
670.34,
670.33,
670.33,
670.33,
670.33,
670.33,
670.33,
670.33,
670.33,
670.33,
670.32,
670.32,
670.32,
670.32,
670.32,
670.32,
670.32,
670.31,
670.31,
670.31,
670.31,
670.31,
670.3,
670.3,
670.3,
670.3,
670.3,
670.29,
670.29,
670.29,
670.29,
670.28,
670.28,
670.28,
670.28,
670.27,
670.27,
670.27,
670.27,
670.26,
670.26,
670.26,
670.25,
670.25,
670.25,
670.25,
670.24,
670.24,
670.24,
670.23,
670.23,
670.23,
670.22,
670.22,
670.21,
670.21,
670.21,
670.2,
670.2,
670.2,
670.19,
670.19,
670.18,
670.18,
670.18,
670.17,
670.17,
670.16,
670.16,
670.15,
670.15,
670.15,
670.14,
670.14,
670.13,
670.13,
670.12,
670.12,
670.11,
670.11,
670.1,
670.1,
670.09,
670.09,
670.08,
670.08,
670.07,
670.07,
670.06,
670.06,
670.05,
670.05,
670.04,
670.03,
670.03,
670.02,
670.02,
670.01,
670.01,
670.0,
669.99,
669.99,
669.98,
669.98,
669.97,
669.96,
669.96,
669.95,
669.95,
669.94,
669.93,
669.93,
669.92,
669.91,
669.91,
669.9,
669.89,
669.89,
669.88,
669.87,
669.87,
669.86,
669.85,
669.84,
669.84,
669.83,
669.82,
669.82,
669.81,
669.8,
669.79,
669.79,
669.78,
669.77,
669.76,
669.76,
669.75,
669.74,
669.73,
669.73,
669.72,
669.71,
669.7,
669.69,
669.69,
669.68,
669.67,
669.66,
669.65,
669.64,
669.64,
669.63,
669.62,
669.61,
669.6,
669.59,
669.58,
669.58,
669.57,
669.56,
669.55,
669.54,
669.53,
669.52,
669.51,
669.51,
669.5,
669.49,
669.48,
669.47,
669.46,
669.45,
669.44,
669.43,
669.42,
669.41,
669.4,
669.39,
669.38,
669.37,
669.36,
669.35,
669.34,
669.33,
669.32,
669.31,
669.3,
669.29,
669.28,
669.27,
669.26,
669.25,
669.24,
669.23,
669.22,
669.21,
669.2,
669.19,
669.18,
669.17,
669.16,
669.15,
669.14,
669.13,
669.12,
669.1,
669.09,
669.08,
669.07,
669.06,
669.05,
669.04,
669.03,
669.02,
669.0,
668.99,
668.98,
668.97,
668.96,
668.95,
668.94,
668.92,
668.91,
668.9,
668.89,
668.88,
668.87,
668.85,
668.84,
668.83,
668.82,
668.81,
668.79,
668.78,
668.77,
668.76,
668.75,
668.73,
668.72,
668.71,
668.7,
668.68,
668.67,
668.66,
668.65,
668.63,
668.62,
668.61,
668.6,
668.58,
668.57,
668.56,
668.54,
668.53,
668.52,
668.5,
668.49,
668.48,
668.47,
668.45,
668.44,
668.43,
668.41,
668.4,
668.39,
668.37,
668.36,
668.34,
668.33,
668.32,
668.3,
668.29,
668.28,
668.26,
668.25,
668.23,
668.22,
668.21,
668.19,
668.18,
668.16,
668.15,
668.14,
668.12,
668.11,
668.09,
668.08,
668.07,
668.05,
668.04,
668.02,
668.01,
667.99,
667.98,
667.96,
667.95,
667.93,
667.92,
667.9,
667.89,
667.87,
667.86,
667.85,
667.83,
667.82,
667.8,
667.78,
667.77,
667.75,
667.74,
667.72,
667.71,
667.69,
667.68,
667.66,
667.65,
667.63,
667.62,
667.6,
667.59,
667.57,
667.55,
667.54,
667.52,
667.51,
667.49,
667.47,
667.46,
667.44,
667.43,
667.41,
667.4,
667.38,
667.36,
667.35,
667.33,
667.31,
667.3,
667.28,
667.27,
667.25,
667.23,
667.22,
667.2,
667.18,
667.17,
667.15,
667.13,
667.12,
667.1,
667.08,
667.07,
667.05,
667.03,
667.02,
667.0,
666.98,
666.97,
666.95,
666.93,
666.91,
666.9,
666.88,
666.86,
666.85,
666.83,
666.81,
666.79,
666.78,
666.76,
666.74,
666.72,
666.71,
666.69,
666.67,
666.65,
666.64,
666.62,
666.6,
666.58,
666.57,
666.55,
666.53,
666.51,
666.49,
666.48,
666.46,
666.44,
666.42,
666.4,
666.39,
666.37,
666.35,
666.33,
666.31,
666.3,
666.28,
666.26,
666.24,
666.22,
666.2,
666.19,
666.17,
666.15,
666.13,
666.11,
666.09,
666.07,
666.06,
666.04,
666.02,
666.0,
665.98,
665.96,
665.94,
665.92,
665.9,
665.89,
665.87,
665.85,
665.83,
665.81,
665.79,
665.77,
665.75,
665.73,
665.71,
665.7,
665.68,
665.66,
665.64,
665.62,
665.6,
665.58,
665.56,
665.54,
665.52,
665.5,
665.48,
665.46,
665.44,
665.42,
665.4,
665.38,
665.36,
665.34,
665.32,
665.3,
665.28,
665.26,
665.25,
665.23,
665.21,
665.19,
665.17,
665.15,
665.13,
665.11,
665.09,
665.06,
665.04,
665.02,
665.0,
664.98,
664.96,
664.94,
664.92,
664.9,
664.88,
664.86,
664.84,
664.82,
664.8,
664.78,
664.76,
664.74,
664.72,
664.7,
664.68,
664.66,
664.64,
664.62,
664.6,
664.57,
664.55,
664.53,
664.51,
664.49,
664.47,
664.45,
664.43,
664.41,
664.39,
664.37,
664.34,
664.32,
664.3,
664.28,
664.26,
664.24,
664.22,
664.2,
664.18,
664.15,
664.13,
664.11,
664.09,
664.07,
664.05,
664.03,
664.01,
663.98,
663.96,
663.94,
663.92,
663.9,
663.88,
663.86,
663.83,
663.81,
663.79,
663.77,
663.75,
663.73,
663.7,
663.68,
663.66,
663.64,
663.62,
663.6,
663.57,
663.55,
663.53,
663.51,
663.49,
663.46,
663.44,
663.42,
663.4,
663.38,
663.35,
663.33,
663.31,
663.29,
663.27,
663.24,
663.22,
663.2,
663.18,
663.16,
663.13,
663.11,
663.09,
663.07,
663.05,
663.02,
663.0,
662.98,
662.96,
662.93,
662.91,
662.89,
662.87,
662.84,
662.82,
662.8,
662.78,
662.75,
662.73,
662.71,
662.69,
662.66,
662.64,
662.62,
662.6,
662.57,
662.55,
662.53,
662.51,
662.48,
662.46,
662.44,
662.41,
662.39,
662.37,
662.35,
662.32,
662.3,
662.28,
662.26,
662.23,
662.21,
662.19,
662.16,
662.14,
662.12,
662.1,
662.07,
662.05,
662.03,
662.0,
661.98,
661.96,
661.93,
661.91,
661.89,
661.87,
661.84,
661.82,
661.8,
661.77,
661.75,
661.73,
661.7,
661.68,
661.66,
661.63,
661.61,
661.59,
661.56,
661.54,
661.52,
661.49,
661.47,
661.45,
661.42,
661.4,
661.38,
661.35,
661.33,
661.31,
661.28,
661.26,
661.24,
661.21,
661.19,
661.17,
661.14,
661.12,
661.1,
661.07,
661.05,
661.03,
661.0,
660.98,
660.96,
660.93,
660.91,
660.88,
660.86,
660.84,
660.81,
660.79,
660.77,
660.74,
660.72,
660.7,
660.67,
660.65,
660.62,
660.6,
660.58,
660.55,
660.53,
660.51,
660.48,
660.46,
660.44,
660.41,
660.39,
660.36,
660.34,
660.32,
660.29,
660.27,
660.25,
660.22,
660.2,
660.17,
660.15,
660.13,
660.1,
660.08,
660.05,
660.03,
660.01,
659.98,
659.96,
659.94,
659.91,
659.89,
659.86,
659.84,
659.82,
659.79,
659.77,
659.74,
659.72,
659.7,
659.67,
659.65,
659.62,
659.6,
659.58,
659.55,
659.53,
659.5,
659.48,
659.46,
659.43,
659.41,
659.38,
659.36,
659.34,
659.31,
659.29,
659.26,
659.24,
659.22,
659.19,
659.17,
659.14,
659.12,
659.1,
659.07,
659.05,
659.02,
659.0,
658.98,
658.95,
658.93,
658.9,
658.88,
658.86,
658.83,
658.81,
658.78,
658.76,
658.74,
658.71,
658.69,
658.66,
658.64,
658.62,
658.59,
658.57,
658.54,
658.52,
658.5,
658.47,
658.45,
658.42,
658.4,
658.37,
658.35,
658.33,
658.3,
658.28,
658.25,
658.23,
658.21,
658.18,
658.16,
658.13,
658.11,
658.09,
658.06,
658.04,
658.01,
657.99,
657.97,
657.94,
657.92,
657.89,
657.87,
657.85,
657.82,
657.8,
657.77,
657.75,
657.73,
657.7,
657.68,
657.65,
657.63,
657.6,
657.58,
657.56,
657.53,
657.51,
657.48,
657.46,
657.44,
657.41,
657.39,
657.36,
657.34,
657.32,
657.29,
657.27,
657.25,
657.22,
657.2,
657.17,
657.15,
657.13,
657.1,
657.08,
657.05,
657.03,
657.01,
656.98,
656.96,
656.93,
656.91,
656.89,
656.86,
656.84,
656.81,
656.79,
656.77,
656.74,
656.72,
656.7,
656.67,
656.65,
656.62,
656.6,
656.58,
656.55,
656.53,
656.5,
656.48,
656.46,
656.43,
656.41,
656.39,
656.36,
656.34,
656.31,
656.29,
656.27,
656.24,
656.22,
656.2,
656.17,
656.15,
656.12,
656.1,
656.08,
656.05,
656.03,
656.01,
655.98,
655.96,
655.94,
655.91,
655.89,
655.86,
655.84,
655.82,
655.79,
655.77,
655.75,
655.72,
655.7,
655.68,
655.65,
655.63,
655.61,
655.58,
655.56,
655.54,
655.51,
655.49,
655.47,
655.44,
655.42,
655.4,
655.37,
655.35,
655.33,
655.3,
655.28,
655.26,
655.23,
655.21,
655.19,
655.16,
655.14,
655.12,
655.09,
655.07,
655.05,
655.02,
655.0,
654.98,
654.95,
654.93,
654.91,
654.88,
654.86,
654.84,
654.81,
654.79,
654.77,
654.75,
654.72,
654.7,
654.68,
654.65,
654.63,
654.61,
654.58,
654.56,
654.54,
654.52,
654.49,
654.47,
654.45,
654.42,
654.4,
654.38,
654.36,
654.33,
654.31,
654.29,
654.26,
654.24,
654.22,
654.2,
654.17,
654.15,
654.13,
654.11,
654.08,
654.06,
654.04,
654.02,
653.99,
653.97,
653.95,
653.93,
653.9,
653.88,
653.86,
653.84,
653.81,
653.79,
653.77,
653.75,
653.72,
653.7,
653.68,
653.66,
653.63,
653.61,
653.59,
653.57,
653.55,
653.52,
653.5,
653.48,
653.46,
653.43,
653.41,
653.39,
653.37,
653.35,
653.32,
653.3,
653.28,
653.26,
653.24,
653.21,
653.19,
653.17,
653.15,
653.13,
653.1,
653.08,
653.06,
653.04,
653.02,
653.0,
652.97,
652.95,
652.93,
652.91,
652.89,
652.87,
652.84,
652.82,
652.8,
652.78,
652.76,
652.74,
652.71,
652.69,
652.67,
652.65,
652.63,
652.61,
652.59,
652.56,
652.54,
652.52,
652.5,
652.48,
652.46,
652.44,
652.41,
652.39,
652.37,
652.35,
652.33,
652.31,
652.29,
652.27,
652.25,
652.22,
652.2,
652.18,
652.16,
652.14,
652.12,
652.1,
652.08,
652.06,
652.04,
652.02,
651.99,
651.97,
651.95,
651.93,
651.91,
651.89,
651.87,
651.85,
651.83,
651.81,
651.79,
651.77,
651.75,
651.73,
651.71,
651.69,
651.66,
651.64,
651.62,
651.6,
651.58,
651.56,
651.54,
651.52,
651.5,
651.48,
651.46,
651.44,
651.42,
651.4,
651.38,
651.36,
651.34,
651.32,
651.3,
651.28,
651.26,
651.24,
651.22,
651.2,
651.18,
651.16,
651.14,
651.12,
651.1,
651.08,
651.06,
651.04,
651.02,
651.0,
650.98,
650.96,
650.95,
650.93,
650.91,
650.89,
650.87,
650.85,
650.83,
650.81,
650.79,
650.77,
650.75,
650.73,
650.71,
650.69,
650.67,
650.66,
650.64,
650.62,
650.6,
650.58,
650.56,
650.54,
650.52,
650.5,
650.48,
650.46,
650.45,
650.43,
650.41,
650.39,
650.37,
650.35,
650.33,
650.31,
650.3,
650.28,
650.26,
650.24,
650.22,
650.2,
650.18,
650.17,
650.15,
650.13,
650.11,
650.09,
650.07,
650.06,
650.04,
650.02,
650.0,
649.98,
649.97,
649.95,
649.93,
649.91,
649.89,
649.87,
649.86,
649.84,
649.82,
649.8,
649.79,
649.77,
649.75,
649.73,
649.71,
649.7,
649.68,
649.66,
649.64,
649.63,
649.61,
649.59,
649.57,
649.56,
649.54,
649.52,
649.5,
649.49,
649.47,
649.45,
649.43,
649.42,
649.4,
649.38,
649.37,
649.35,
649.33,
649.31,
649.3,
649.28,
649.26,
649.25,
649.23,
649.21,
649.2,
649.18,
649.16,
649.14,
649.13,
649.11,
649.09,
649.08,
649.06,
649.04,
649.03,
649.01,
649.0,
648.98,
648.96,
648.95,
648.93,
648.91,
648.9,
648.88,
648.86,
648.85,
648.83,
648.82,
648.8,
648.78,
648.77,
648.75,
648.74,
648.72,
648.7,
648.69,
648.67,
648.66,
648.64,
648.62,
648.61,
648.59,
648.58,
648.56,
648.55,
648.53,
648.51,
648.5,
648.48,
648.47,
648.45,
648.44,
648.42,
648.41,
648.39,
648.38,
648.36,
648.35,
648.33,
648.32,
648.3,
648.29,
648.27,
648.26,
648.24,
648.23,
648.21,
648.2,
648.18,
648.17,
648.15,
648.14,
648.12,
648.11,
648.09,
648.08,
648.06,
648.05,
648.03,
648.02,
648.01,
647.99,
647.98,
647.96,
647.95,
647.93,
647.92,
647.91,
647.89,
647.88,
647.86,
647.85,
647.83,
647.82,
647.81,
647.79,
647.78,
647.77,
647.75,
647.74,
647.72,
647.71,
647.7,
647.68,
647.67,
647.66,
647.64,
647.63,
647.61,
647.6,
647.59,
647.57,
647.56,
647.55,
647.53,
647.52,
647.51,
647.49,
647.48,
647.47,
647.46,
647.44,
647.43,
647.42,
647.4,
647.39,
647.38,
647.36,
647.35,
647.34,
647.33,
647.31,
647.3,
647.29,
647.28,
647.26,
647.25,
647.24,
647.23,
647.21,
647.2,
647.19,
647.18,
647.16,
647.15,
647.14,
647.13,
647.11,
647.1,
647.09,
647.08,
647.07,
647.05,
647.04,
647.03,
647.02,
647.01,
646.99,
646.98,
646.97,
646.96,
646.95,
646.94,
646.92,
646.91,
646.9,
646.89,
646.88,
646.87,
646.86,
646.84,
646.83,
646.82,
646.81,
646.8,
646.79,
646.78,
646.77,
646.75,
646.74,
646.73,
646.72,
646.71,
646.7,
646.69,
646.68,
646.67,
646.66,
646.65,
646.64,
646.62,
646.61,
646.6,
646.59,
646.58,
646.57,
646.56,
646.55,
646.54,
646.53,
646.52,
646.51,
646.5,
646.49,
646.48,
646.47,
646.46,
646.45,
646.44,
646.43,
646.42,
646.41,
646.4,
646.39,
646.38,
646.37,
646.36,
646.35,
646.34,
646.33,
646.32,
646.31,
646.3,
646.29,
646.28,
646.27,
646.26,
646.25,
646.25,
646.24,
646.23,
646.22,
646.21,
646.2,
646.19,
646.18,
646.17,
646.16,
646.15,
646.15,
646.14,
646.13,
646.12,
646.11,
646.1,
646.09,
646.08,
646.08,
646.07,
646.06,
646.05,
646.04,
646.03,
646.02,
646.02,
646.01,
646.0,
645.99,
645.98,
645.97,
645.97,
645.96,
645.95,
645.94,
645.93,
645.93,
645.92,
645.91,
645.9,
645.89,
645.89,
645.88,
645.87,
645.86,
645.85,
645.85,
645.84,
645.83,
645.82,
645.82,
645.81,
645.8,
645.79,
645.79,
645.78,
645.77,
645.77,
645.76,
645.75,
645.74,
645.74,
645.73,
645.72,
645.72,
645.71,
645.7,
645.69,
645.69,
645.68,
645.67,
645.67,
645.66,
645.65,
645.65,
645.64,
645.63,
645.63,
645.62,
645.61,
645.61,
645.6,
645.59,
645.59,
645.58,
645.58,
645.57,
645.56,
645.56,
645.55,
645.55,
645.54,
645.53,
645.53,
645.52,
645.52,
645.51,
645.5,
645.5,
645.49,
645.49,
645.48,
645.47,
645.47,
645.46,
645.46,
645.45,
645.45,
645.44,
645.44,
645.43,
645.42,
645.42,
645.41,
645.41,
645.4,
645.4,
645.39,
645.39,
645.38,
645.38,
645.37,
645.37,
645.36,
645.36,
645.35,
645.35,
645.34,
645.34,
645.33,
645.33,
645.32,
645.32,
645.31,
645.31,
645.31,
645.3,
645.3,
645.29,
645.29,
645.28,
645.28,
645.27,
645.27,
645.27,
645.26,
645.26,
645.25,
645.25,
645.25,
645.24,
645.24,
645.23,
645.23,
645.23,
645.22,
645.22,
645.21,
645.21,
645.21,
645.2,
645.2,
645.2,
645.19,
645.19,
645.18,
645.18,
645.18,
645.17,
645.17,
645.17,
645.16,
645.16,
645.16,
645.15,
645.15,
645.15,
645.14,
645.14,
645.14,
645.14,
645.13,
645.13,
645.13,
645.12,
645.12,
645.12,
645.11,
645.11,
645.11,
645.11,
645.1,
645.1,
645.1,
645.1,
645.09,
645.09,
645.09,
645.09,
645.08,
645.08,
645.08,
645.08,
645.07,
645.07,
645.07,
645.07,
645.06,
645.06,
645.06,
645.06,
645.06,
645.05,
645.05,
645.05,
645.05,
645.05,
645.04,
645.04,
645.04,
645.04,
645.04,
645.04,
645.03,
645.03,
645.03,
645.03,
645.03,
645.03,
645.02,
645.02,
645.02,
645.02,
645.02,
645.02,
645.02,
645.02,
645.01,
645.01,
645.01,
645.01,
645.01,
645.01,
645.01,
645.01,
645.01,
645.0,
645.0,
645.0,
645.0,
645.0,
645.0,
645.0,
645.0,
645.0,
645.0,
645.0,
645.0,
644.99,
644.99,
644.99,
644.99,
644.99,
644.99,
644.99,
644.99,
644.99,
644.99,
644.99,
644.99,
644.99,
644.99,
644.99,
644.99,
644.99,
644.99,
644.99,
644.99,
644.99,
644.99,
644.99,
644.99,
644.99,
644.99,
644.99,
644.99,
644.99,
644.99,
644.99,
644.99,
644.99,
644.99,
644.99,
644.99,
644.99,
644.99,
644.99,
644.99,
644.99,
645.0,
645.0,
645.0,
645.0,
645.0,
645.0,
645.0,
645.0,
645.0,
645.0,
645.0,
645.0,
645.0,
645.01,
645.01,
645.01,
645.01,
645.01,
645.01,
645.01,
645.01,
645.01,
645.02,
645.02,
645.02,
645.02,
645.02,
645.02,
645.02,
645.02,
645.03,
645.03,
645.03,
645.03,
645.03,
645.03,
645.03,
645.04,
645.04,
645.04,
645.04,
645.04,
645.04,
645.05,
645.05,
645.05,
645.05,
645.05,
645.06,
645.06,
645.06,
645.06,
645.06,
645.07,
645.07,
645.07,
645.07,
645.07,
645.08,
645.08,
645.08,
645.08,
645.08,
645.09,
645.09,
645.09,
645.09,
645.1,
645.1,
645.1,
645.1,
645.11,
645.11,
645.11,
645.11,
645.12,
645.12,
645.12,
645.12,
645.13,
645.13,
645.13,
645.13,
645.14,
645.14,
645.14,
645.15,
645.15,
645.15,
645.15,
645.16,
645.16,
645.16,
645.17,
645.17,
645.17,
645.18,
645.18,
645.18,
645.18,
645.19,
645.19,
645.19,
645.2,
645.2,
645.2,
645.21,
645.21,
645.21,
645.22,
645.22,
645.22,
645.23,
645.23,
645.23,
645.24,
645.24,
645.24,
645.25,
645.25,
645.26,
645.26,
645.26,
645.27,
645.27,
645.27,
645.28,
645.28,
645.28,
645.29,
645.29,
645.3,
645.3,
645.3,
645.31,
645.31,
645.32,
645.32,
645.32,
645.33,
645.33,
645.34,
645.34,
645.34,
645.35,
645.35,
645.36,
645.36,
645.36,
645.37,
645.37,
645.38,
645.38,
645.39,
645.39,
645.39,
645.4,
645.4,
645.41,
645.41,
645.42,
645.42,
645.42,
645.43,
645.43,
645.44,
645.44,
645.45,
645.45,
645.46,
645.46,
645.46,
645.47,
645.47,
645.48,
645.48,
645.49,
645.49,
645.5,
645.5,
645.51,
645.51,
645.52,
645.52,
645.53,
645.53,
645.54,
645.54,
645.55,
645.55,
645.56,
645.56,
645.57,
645.57,
645.58,
645.58,
645.59,
645.59,
645.6,
645.6,
645.61,
645.61,
645.62,
645.62,
645.63,
645.63,
645.64,
645.64,
645.65,
645.65,
645.66,
645.66,
645.67,
645.67,
645.68,
645.68,
645.69,
645.7,
645.7,
645.71,
645.71,
645.72,
645.72,
645.73,
645.73,
645.74,
645.74,
645.75,
645.76,
645.76,
645.77,
645.77,
645.78,
645.78,
645.79,
645.79,
645.8,
645.81,
645.81,
645.82,
645.82,
645.83,
645.83,
645.84,
645.85,
645.85,
645.86,
645.86,
645.87,
645.87,
645.88,
645.89,
645.89,
645.9,
645.9,
645.91,
645.92,
645.92,
645.93,
645.93,
645.94,
645.95,
645.95,
645.96,
645.96,
645.97,
645.98,
645.98,
645.99,
645.99,
646.0,
646.01,
646.01,
646.02,
646.02,
646.03,
646.04,
646.04,
646.05,
646.05,
646.06,
646.07,
646.07,
646.08,
646.09,
646.09,
646.1,
646.1,
646.11,
646.12,
646.12,
646.13,
646.14,
646.14,
646.15,
646.15,
646.16,
646.17,
